-3.645283e-05 -0.24999991 -0.50000021 0.2500003
-0.00014510159 -0.24999964 -0.50000021 0.25000057
-0.00027683567 -0.24999931 -0.50000041 0.25000111
-0.00040463253 -0.24999899 -0.5000006 0.25000161
-0.00053371109 -0.24999867 -0.50000075 0.25000209
-0.00066916577 -0.24999833 -0.50000086 0.25000253
-0.00081676743 -0.24999796 -0.5000009 0.25000295
-0.00098192927 -0.24999755 -0.50000088 0.25000333
-0.0011692328 -0.24999708 -0.50000076 0.25000369
-0.0013828676 -0.24999654 -0.50000056 0.25000401
-0.0016256912 -0.24999594 -0.50000024 0.25000431
-0.0018995556 -0.24999525 -0.49999982 0.25000457
-0.0022057383 -0.24999449 -0.49999929 0.2500048
-0.0025445979 -0.24999364 -0.49999864 0.250005
-0.0029171054 -0.24999271 -0.49999788 0.25000517
-0.0033241179 -0.24999169 -0.499997 0.25000531
-0.0037661981 -0.24999058 -0.49999601 0.25000542
-0.0042464998 -0.24998938 -0.49999488 0.2500055
-0.0047710392 -0.24998807 -0.49999362 0.25000555
-0.0053487241 -0.24998663 -0.49999219 0.25000556
-0.0059915356 -0.24998502 -0.49999057 0.25000555
-0.0067138497 -0.24998322 -0.49998872 0.2500055
-0.0075316857 -0.24998117 -0.4999866 0.25000543
-0.0084614031 -0.24997885 -0.49998417 0.25000532
-0.0095181821 -0.2499762 -0.49998139 0.25000519
-0.010714831 -0.24997321 -0.49997823 0.25000502
-0.012059708 -0.24996985 -0.49997467 0.25000482
-0.013556651 -0.24996611 -0.4999707 0.25000459
-0.015204925 -0.24996199 -0.49996632 0.25000434
-0.016999019 -0.2499575 -0.49996155 0.25000405
-0.018930676 -0.24995267 -0.4999564 0.25000373
-0.020991429 -0.24994752 -0.49995091 0.25000338
-0.02317339 -0.24994207 -0.49994507 0.25000301
-0.025470419 -0.24993632 -0.49993892 0.2500026
-0.027880566 -0.2499303 -0.49993246 0.25000216
-0.030404383 -0.24992399 -0.49992568 0.25000169
-0.033046161 -0.24991738 -0.49991857 0.25000119
-0.035813055 -0.24991047 -0.49991112 0.25000066
-0.038712069 -0.24990322 -0.49990332 0.2500001
-0.041749277 -0.24989563 -0.49989513 0.2499995
-0.044927696 -0.24988768 -0.49988656 0.24999888
-0.048246736 -0.24987938 -0.49987761 0.24999823
-0.051701834 -0.24987075 -0.49986829 0.24999754
-0.055282374 -0.24986179 -0.49985863 0.24999683
-0.058972411 -0.24985257 -0.49984866 0.24999609
-0.06275287 -0.24984312 -0.49983843 0.24999532
-0.066601803 -0.2498335 -0.49982801 0.24999451
-0.070495877 -0.24982376 -0.49981744 0.24999368
-0.074411443 -0.24981397 -0.49980679 0.24999282
-0.078325675 -0.24980419 -0.49979611 0.24999192
-0.082217211 -0.24979446 -0.49978546 0.249991
-0.08606624 -0.24978483 -0.49977488 0.24999004
-0.08985514 -0.24977536 -0.49976442 0.24998906
-0.09356791 -0.24976608 -0.49975413 0.24998804
-0.097189896 -0.24975703 -0.49974402 0.249987
-0.10070752 -0.24974823 -0.49973415 0.24998592
-0.10410878 -0.24973973 -0.49972454 0.24998481
-0.10738295 -0.24973154 -0.49971521 0.24998367
-0.11051991 -0.2497237 -0.4997062 0.2499825
-0.11350852 -0.24971623 -0.49969753 0.2499813
-0.11633664 -0.24970916 -0.49968923 0.24998007
-0.11899346 -0.24970252 -0.49968133 0.24997881
-0.12146786 -0.24969633 -0.49967385 0.24997752
-0.12374742 -0.24969063 -0.49966682 0.24997619
-0.12581917 -0.24968545 -0.49966029 0.24997484
-0.12767036 -0.24968082 -0.49965428 0.24997345
-0.12928803 -0.24967678 -0.49964882 0.24997204
-0.13065926 -0.24967335 -0.49964395 0.24997059
-0.13177347 -0.24967057 -0.49963968 0.24996912
-0.13262334 -0.24966844 -0.49963605 0.24996761
-0.1332077 -0.24966698 -0.49963306 0.24996608
-0.13353628 -0.24966616 -0.49963067 0.24996451
-0.13363521 -0.24966591 -0.49962882 0.24996291
-0.13355257 -0.24966612 -0.4996274 0.24996128
-0.13336586 -0.24966659 -0.49962621 0.24995962
-0.13318872 -0.24966703 -0.49962496 0.24995793
-0.13317134 -0.24966707 -0.49962329 0.24995621
-0.13349051 -0.24966627 -0.49962074 0.24995446
-0.13432434 -0.24966419 -0.49961687 0.24995268
-0.13581746 -0.24966046 -0.49961133 0.24995087
-0.13804507 -0.24965489 -0.49960392 0.24994903
-0.14099065 -0.24964752 -0.49959468 0.24994716
-0.14454991 -0.24963863 -0.49958388 0.24994526
-0.14855741 -0.24962861 -0.49957193 0.24994332
-0.15282645 -0.24961793 -0.4995593 0.24994136
-0.15718235 -0.24960704 -0.49954641 0.24993937
-0.16148156 -0.2495963 -0.49953364 0.24993735
-0.16562111 -0.24958595 -0.49952124 0.2499353
-0.16953848 -0.24957615 -0.49950937 0.24993321
-0.17320918 -0.24956698 -0.49949808 0.2499311
-0.17664615 -0.24955838 -0.49948735 0.24992896
-0.1799034 -0.24955024 -0.49947704 0.24992679
-0.18308275 -0.24954229 -0.49946689 0.24992459
-0.18633937 -0.24953415 -0.49945651 0.24992236
-0.1898752 -0.24952531 -0.49944541 0.2499201
-0.19391051 -0.24951522 -0.49943303 0.24991781
-0.19863044 -0.24950342 -0.49941891 0.24991549
-0.20412272 -0.24948969 -0.49940283 0.24991313
-0.21034609 -0.24947413 -0.49938489 0.24991075
-0.21715103 -0.24945712 -0.49936546 0.24990834
-0.22433709 -0.24943916 -0.49934505 0.2499059
-0.2317117 -0.24942072 -0.49932414 0.24990342
-0.23912284 -0.24940219 -0.49930311 0.24990092
-0.2464661 -0.24938383 -0.49928222 0.24989839
-0.25367728 -0.24936581 -0.49926163 0.24989582
-0.26072166 -0.2493482 -0.49924143 0.24989323
-0.26758504 -0.24933104 -0.49922165 0.24989061
-0.27426487 -0.24931434 -0.49920229 0.24988796
-0.28076585 -0.24929809 -0.49918336 0.24988527
-0.28709591 -0.24928226 -0.49916482 0.24988256
-0.29326481 -0.24926684 -0.49914666 0.24987983
-0.29928404 -0.24925179 -0.49912885 0.24987706
-0.30516461 -0.24923709 -0.49911134 0.24987425
-0.31091899 -0.2492227 -0.49909412 0.24987142
-0.31656103 -0.2492086 -0.49907715 0.24986855
-0.32210399 -0.24919474 -0.4990604 0.24986566
-0.32756093 -0.2491811 -0.49904383 0.24986273
-0.332945 -0.24916764 -0.49902741 0.24985978
-0.33826897 -0.24915433 -0.49901112 0.24985679
-0.34354456 -0.24914114 -0.49899492 0.24985378
-0.34878239 -0.24912804 -0.49897878 0.24985073
-0.35399274 -0.24911502 -0.49896268 0.24984766
-0.35918379 -0.24910204 -0.4989466 0.24984456
-0.3643612 -0.2490891 -0.49893052 0.24984143
-0.36952888 -0.24907618 -0.49891445 0.24983827
-0.37468837 -0.24906328 -0.49889836 0.24983508
-0.37983906 -0.2490504 -0.49888226 0.24983186
-0.38497873 -0.24903755 -0.49886616 0.2498286
-0.39010248 -0.24902474 -0.49885007 0.24982532
-0.39520461 -0.24901199 -0.498834 0.24982201
-0.40027902 -0.2489993 -0.49881797 0.24981867
-0.40531738 -0.24898671 -0.498802 0.24981529
-0.41031082 -0.24897422 -0.49878612 0.24981189
-0.41525029 -0.24896187 -0.49877034 0.24980846
-0.4201267 -0.24894968 -0.49875469 0.249805
-0.42493058 -0.24893767 -0.49873919 0.24980151
-0.42965273 -0.24892587 -0.49872386 0.24979799
-0.43428456 -0.24891429 -0.49870873 0.24979444
-0.43881748 -0.24890296 -0.49869382 0.24979086
-0.44324286 -0.24889189 -0.49867915 0.24978725
-0.44755229 -0.24888112 -0.49866473 0.24978361
-0.45173838 -0.24887065 -0.4986506 0.24977995
-0.45579366 -0.24886052 -0.49863677 0.24977625
-0.45971064 -0.24885072 -0.49862325 0.24977252
-0.46348243 -0.24884129 -0.49861006 0.24976877
-0.46710326 -0.24883224 -0.49859722 0.24976498
-0.47056889 -0.24882358 -0.49858474 0.24976117
-0.47387598 -0.24881531 -0.49857263 0.24975732
-0.47702272 -0.24880744 -0.49856089 0.24975344
-0.48001008 -0.24879997 -0.49854951 0.24974954
-0.48284222 -0.24879289 -0.4985385 0.24974561
-0.4855268 -0.24878618 -0.49852783 0.24974164
-0.48807637 -0.24877981 -0.49851746 0.24973765
-0.49050957 -0.24877373 -0.49850736 0.24973364
-0.49285211 -0.24876787 -0.49849746 0.24972959
-0.49513777 -0.24876216 -0.49848766 0.24972551
-0.49741033 -0.24875647 -0.49847787 0.2497214
-0.49972308 -0.24875069 -0.49846795 0.24971726
-0.50213758 -0.24874466 -0.49845775 0.24971309
-0.50472276 -0.24873819 -0.49844709 0.24970889
-0.50755077 -0.24873112 -0.49843579 0.24970467
-0.51069249 -0.24872327 -0.49842368 0.24970041
-0.5142116 -0.24871447 -0.49841059 0.24969612
-0.51815781 -0.24870461 -0.49839641 0.24969181
-0.52256177 -0.2486936 -0.49838106 0.24968746
-0.52743064 -0.24868142 -0.49836451 0.24968309
-0.53274696 -0.24866813 -0.49834682 0.24967869
-0.53847098 -0.24865382 -0.49832808 0.24967426
-0.54454611 -0.24863863 -0.49830843 0.24966979
-0.55090509 -0.24862274 -0.49828804 0.2496653
-0.55747421 -0.24860631 -0.49826709 0.24966078
-0.564179 -0.24858955 -0.49824577 0.24965622
-0.57094996 -0.24857263 -0.49822426 0.24965164
-0.57772524 -0.24855569 -0.49820271 0.24964703
-0.58445155 -0.24853887 -0.49818126 0.24964239
-0.59108614 -0.24852228 -0.49816 0.24963772
-0.59759698 -0.24850601 -0.49813903 0.24963302
-0.60396329 -0.24849009 -0.49811838 0.24962829
-0.61017593 -0.24847456 -0.49809809 0.24962353
-0.61623773 -0.24845941 -0.49807815 0.24961874
-0.6221644 -0.24844459 -0.49805852 0.24961393
-0.62798349 -0.24843004 -0.49803912 0.24960908
-0.63373451 -0.24841566 -0.49801987 0.2496042
-0.63946986 -0.24840133 -0.49800062 0.2495993
-0.64524974 -0.24838688 -0.49798124 0.24959436
-0.65113659 -0.24837216 -0.49796156 0.2495894
-0.65718999 -0.24835703 -0.49794143 0.24958441
-0.66345707 -0.24834136 -0.49792074 0.24957939
-0.66996617 -0.24832508 -0.49789942 0.24957434
-0.67672314 -0.24830819 -0.49787745 0.24956926
-0.68371045 -0.24829072 -0.49785487 0.24956415
-0.69089075 -0.24827277 -0.49783178 0.24955901
-0.69821505 -0.24825446 -0.4978083 0.24955384
-0.70563022 -0.24823592 -0.49778456 0.24954864
-0.71308358 -0.24821729 -0.4977607 0.24954341
-0.72052858 -0.24819868 -0.49773683 0.24953815
-0.72792714 -0.24818018 -0.49771305 0.24953287
-0.73525027 -0.24816187 -0.49768943 0.24952756
-0.74247631 -0.24814381 -0.49766602 0.24952221
-0.74958978 -0.24812603 -0.49764287 0.24951684
-0.75658268 -0.24810854 -0.49761998 0.24951144
-0.76345042 -0.24809137 -0.49759738 0.24950601
-0.77018984 -0.24807453 -0.49757507 0.24950055
-0.77680013 -0.248058 -0.49755306 0.24949506
-0.78328097 -0.2480418 -0.49753134 0.24948955
-0.78963104 -0.24802592 -0.49750992 0.249484
-0.79584957 -0.24801038 -0.4974888 0.24947842
-0.80193583 -0.24799516 -0.49746798 0.24947282
-0.80788647 -0.24798028 -0.49744747 0.24946718
-0.81369663 -0.24796576 -0.49742728 0.24946152
-0.81935946 -0.2479516 -0.49740743 0.24945583
-0.82486572 -0.24793784 -0.49738795 0.24945011
-0.83020366 -0.24792449 -0.49736886 0.24944436
-0.8353574 -0.24791161 -0.49735019 0.24943859
-0.84030915 -0.24789923 -0.49733201 0.24943278
-0.84503949 -0.2478874 -0.49731434 0.24942694
-0.84952541 -0.24787619 -0.49729726 0.24942108
-0.85374233 -0.24786564 -0.49728083 0.24941519
-0.85766458 -0.24785584 -0.49726511 0.24940927
-0.86126824 -0.24784683 -0.49725015 0.24940332
-0.86453834 -0.24783865 -0.49723601 0.24939735
-0.86747812 -0.2478313 -0.49722266 0.24939135
-0.87012471 -0.24782469 -0.49721001 0.24938532
-0.87256998 -0.24781858 -0.49719784 0.24937927
-0.87498609 -0.24781253 -0.49718572 0.24937318
-0.87764746 -0.24780588 -0.49717295 0.24936707
-0.88092504 -0.24779769 -0.49715861 0.24936092
-0.88522815 -0.24778693 -0.49714168 0.24935475
-0.89088895 -0.24777278 -0.49712132 0.24934854
-0.89803407 -0.24775491 -0.49709723 0.24934231
-0.90652694 -0.24773368 -0.49706973 0.24933605
-0.91602715 -0.24770993 -0.49703969 0.24932976
-0.92611928 -0.2476847 -0.49700815 0.24932345
-0.93642671 -0.24765893 -0.49697603 0.2493171
-0.94666745 -0.24763333 -0.49694406 0.24931073
-0.95665864 -0.24760835 -0.49691267 0.24930432
-0.96629572 -0.24758426 -0.49688215 0.24929789
-0.9755254 -0.24756119 -0.49685262 0.24929143
-0.98432215 -0.24753919 -0.49682414 0.24928494
-0.99267444 -0.24751831 -0.49679674 0.24927843
-1.0005748 -0.24749856 -0.49677045 0.24927188
-1.0080115 -0.24747997 -0.49674529 0.24926531
-1.0149648 -0.24746259 -0.49672131 0.24925872
-1.0214042 -0.24744649 -0.49669858 0.24925209
-1.0272864 -0.24743178 -0.49667722 0.24924544
-1.0325519 -0.24741862 -0.49665737 0.24923875
-1.0371231 -0.24740719 -0.49663923 0.24923204
-1.0409 -0.24739775 -0.49662305 0.2492253
-1.043758 -0.2473906 -0.49660913 0.24921853
-1.0455495 -0.24738613 -0.49659786 0.24921173
-1.0461176 -0.24738471 -0.49658961 0.24920491
