-0.100979 -0.557951 0.213311 0.009574 0.036339 -0.075113
0.054186 -0.292913 0.509372 -0.024650 0.096929 0.043554
3.411979 -0.017280 -0.699271 0.011492 -0.026963 -0.001843
2.742592 1.496241 -1.299183 0.004220 -0.026390 0.011314
-0.084581 1.147874 0.701342 -0.005789 -0.003043 -0.004797
0.570776 -1.147261 0.248228 0.008846 -0.069550 0.020315
0.206096 0.415485 -0.119396 -0.033215 -0.003098 0.006466
-0.055670 -0.121367 0.640354 0.043195 0.032350 0.015626
0.154589 -0.032812 0.577247 -0.032932 -0.022257 -0.012115
-0.491156 -3.118142 -1.326389 0.010327 -0.000265 0.028221
-0.132052 0.039535 -0.076140 -0.125449 0.002783 -0.021209
0.900085 -0.130125 0.260134 -0.068121 -0.076345 0.015655
-0.101263 -0.308423 0.182116 0.039788 -0.085190 -0.033502
-0.669425 0.088575 0.370588 -0.004632 -0.029329 0.008022
-0.356214 -0.896257 -2.328124 0.015135 0.013050 -0.013079
0.104586 -0.351655 -0.078394 -0.062763 -0.017507 0.026416
-2.330470 -0.680240 1.269370 -0.051194 0.032402 0.016476
-0.075065 0.043328 0.323512 0.018261 -0.011501 -0.067821
0.022208 -0.018015 0.193879 0.056857 0.090224 0.000822
0.718826 0.264001 -2.819762 0.011383 0.003416 -0.006435
-0.159234 0.325596 0.186252 -0.003547 0.050118 0.024751
-0.405347 0.217381 -0.274710 -0.005255 0.028442 0.005301
-0.549458 0.602215 -0.937845 0.069719 -0.014518 0.026301
-0.677024 0.130947 0.486500 0.030368 -0.023932 0.020942
-0.056433 -0.225104 0.396267 0.022629 -0.004156 -0.010824
-0.595057 -0.157439 0.399064 -0.017245 -0.056753 -0.026476
-0.480048 -2.017229 1.229198 -0.000183 0.041699 0.015174
-0.300004 -0.091735 0.298772 0.017853 0.082529 -0.016575
-2.173223 1.807948 1.254479 0.010508 0.013375 0.014949
-0.610095 0.527058 0.176983 -0.053634 -0.033253 0.064171
0.179461 0.205081 -0.244066 -0.070181 0.025014 0.109579
-0.150575 0.453566 0.371041 0.065607 -0.003318 0.038229
-0.515290 -0.226011 0.883466 0.011469 -0.008930 0.086706
-0.385194 -0.049057 0.072716 0.031867 0.004143 0.035504
-0.993196 0.512148 -0.826117 0.026049 0.015952 0.030209
-2.638577 1.234423 2.404687 0.005345 0.000518 -0.017516
0.828725 -1.033908 -0.180788 -0.030565 0.038971 0.031643
0.202717 -0.461393 -0.274399 0.023354 0.025311 -0.000246
0.160439 -0.212130 -0.093734 0.052342 0.077784 0.054321
-0.108476 -0.766543 0.023223 -0.014161 0.031231 0.002263
0.173792 -1.795690 -1.530647 0.001917 0.010875 0.021626
-0.123368 0.254213 0.249732 0.066752 -0.013703 0.005941
-0.081807 0.284898 0.479281 -0.020253 0.006735 0.011008
-0.381635 0.021395 0.096697 -0.027536 0.045217 -0.059004
-0.785257 -2.856713 0.542300 0.000240 0.025999 -0.002610
0.653464 -0.277464 0.556167 0.075243 0.010242 -0.032049
0.208787 0.163094 -0.481073 0.001395 0.010950 0.104853
0.126688 -0.126157 1.132374 -0.033496 -0.032352 0.027873
-0.373140 1.141264 0.438049 0.012674 0.003084 0.006048
-0.320625 -0.127150 -0.063870 -0.046973 -0.018130 -0.018392
-1.448653 2.715165 1.672943 -0.006487 0.005095 0.008522
-0.613871 -0.339805 0.142566 0.034173 0.046920 -0.032736
-0.079347 0.060237 -0.063579 0.007413 -0.084630 -0.100631
-0.078027 -0.044340 0.747923 -0.021495 0.050700 0.010212
-1.355846 -0.573093 1.352641 -0.004934 -0.005840 0.012563
0.099438 -0.075682 1.121102 -0.008007 -0.021892 0.032907
5.889426 7.219025 -11.516636 -0.014317 -0.012561 0.020752
0.079156 -0.230886 -0.197188 0.038206 0.012124 0.062033
-0.018484 0.006957 0.242046 -0.058245 0.019990 -0.109699
-0.710316 0.034051 0.675276 -0.008766 0.071648 0.039902
0.437518 -0.434358 0.198240 -0.009463 -0.041593 -0.068501
1.935459 -0.825242 -0.529192 0.005794 -0.020222 0.003893
0.138114 -0.014992 -0.256687 0.023086 0.051064 -0.013008
-0.492806 -0.100545 0.881569 0.021725 -0.059947 -0.034497
1.498598 0.669181 0.011691 -0.023895 -0.003461 -0.012080
-1.185895 -0.563115 0.260570 -0.021438 -0.023806 0.000828
-0.222620 -0.400300 -0.070388 0.063269 0.023519 -0.010455
-1.067882 0.311452 -0.370944 -0.035913 0.044002 -0.001306
-0.050017 -0.041379 0.130187 0.051722 -0.068609 -0.105400
1.186476 0.043205 1.105749 0.000290 -0.032652 -0.021594
-0.086242 0.015493 0.532469 0.011636 -0.042154 0.033408
0.157864 0.357726 0.184589 -0.053070 -0.049535 -0.044327
0.150347 -0.187560 -0.003162 -0.053694 -0.027347 -0.067952
0.439461 1.006148 0.236712 0.084746 -0.036125 -0.057123
0.226224 -0.124116 -0.485600 0.009180 -0.023126 -0.034199
1.832262 -0.398327 -0.438199 -0.006421 0.051353 -0.013314
3.291342 1.086573 -3.298894 0.001286 -0.036274 -0.014411
-0.171403 -0.087078 0.139893 0.160714 -0.016381 0.079883
-0.150585 -2.321101 -0.766066 -0.030308 -0.038214 0.006437
0.192103 0.038638 0.123606 -0.040582 -0.048914 0.033991
-0.437737 -0.413791 -0.226445 0.004944 -0.001520 0.058075
-0.055643 -0.103535 0.303773 -0.029733 0.053226 0.018910
0.158486 -0.671402 0.123249 -0.033836 0.000700 -0.033341
-0.346367 -1.565977 -0.607647 0.026142 0.053652 0.032584
-0.288881 0.002930 -0.011000 0.008845 0.044341 0.039838
-0.451079 0.088592 0.261887 -0.066619 -0.066248 -0.036508
-0.824622 0.648097 -0.408759 -0.002865 -0.043755 0.092787
0.331882 1.114244 -1.292407 -0.029977 -0.033519 0.007182
-0.160080 -0.231920 0.324315 0.002737 0.048982 0.013135
-1.536751 -1.753455 2.847584 0.009712 0.026017 -0.013319
0.446920 -0.306352 0.035401 0.036532 -0.061088 0.000290
0.450061 0.503063 -1.171054 0.005011 -0.004334 0.014325
-0.114961 -0.148476 0.175343 -0.080718 -0.040402 -0.159409
-0.048765 -0.443583 0.044764 -0.010162 0.042278 -0.042350
-0.176368 -0.611402 0.933486 0.032632 -0.040949 -0.009996
0.566505 0.103510 1.422475 -0.048480 0.009897 -0.027043
-1.566494 3.376928 0.935400 0.007858 0.013594 -0.017052
0.042552 -0.601137 0.290916 -0.012121 0.018561 -0.048267
0.127166 1.053734 0.253314 0.006446 -0.028002 -0.016583
-0.097679 -0.122104 0.489371 0.034810 0.050234 0.011970
