0 0.141892 -0.360498 -0.246787
0 0.142467 -0.360887 -0.249173
0 0.143040 -0.361270 -0.251556
0 0.143611 -0.361647 -0.253934
0 0.144180 -0.362018 -0.256309
0 0.144746 -0.362383 -0.258680
0 0.145310 -0.362742 -0.261046
0 0.145872 -0.363095 -0.263409
0 0.146432 -0.363442 -0.265768
0 0.146989 -0.363783 -0.268123
0 0.147545 -0.364117 -0.270473
0 0.148097 -0.364446 -0.272820
0 0.148648 -0.364769 -0.275162
0 0.149197 -0.365086 -0.277501
0 0.149743 -0.365397 -0.279835
0 0.150286 -0.365702 -0.282164
0 0.150828 -0.366001 -0.284490
0 0.151367 -0.366294 -0.286811
0 0.151904 -0.366581 -0.289128
0 0.152439 -0.366863 -0.291440
0 0.152971 -0.367138 -0.293749
0 0.153501 -0.367407 -0.296052
0 0.154028 -0.367670 -0.298351
0 0.154554 -0.367927 -0.300646
0 0.155076 -0.368178 -0.302936
0 0.155545 -0.368399 -0.304994
