-0.142672 0.153991 0.590187 0.631815 -0.121522 0.611569
-0.740588 -0.211993 -0.308005 -0.590793 -0.030503 0.139233
0.382419 -0.096070 0.061528 -0.946304 -0.363756 -0.368885
0.006097 -0.261401 -0.250120 0.189441 0.174982 0.238700
0.669152 0.890479 -0.794207 -0.077086 0.689756 -0.222369
0.154669 -0.302581 0.390830 -0.096521 -0.968819 -0.403225
0.287535 -0.398040 -0.280907 0.179431 0.401131 0.123836
-0.304146 -0.365160 1.038435 0.501196 0.462311 -0.067175
-0.421185 -0.385628 -0.061211 0.182419 -0.413962 -0.020950
0.108719 0.976403 -0.386530 0.026403 0.170383 -0.030733
