0.016481 0.298087 0.101858 0.037010 -0.106756 0.112391
-2.078042 -0.084258 2.664559 -0.304293 -0.311205 -0.227608
0.357846 0.037503 -0.097953 -0.294344 1.224940 0.306099
0.404499 0.452276 -0.908461 -0.026045 -0.199889 0.374407
0.006683 -0.232275 -0.186820 0.927411 -0.181522 -0.580595
-0.196151 0.012896 0.133666 -1.386307 -0.328425 0.568932
-0.927803 0.200862 0.135040 -0.106328 -0.339169 0.077485
0.005159 0.326031 0.063902 0.155905 -0.636175 -0.003771
-0.427485 -0.450262 -0.414295 1.155152 0.160556 0.015192
-2.912318 2.465608 -1.334811 -0.071557 0.344018 -0.460347
1.741006 -0.120250 0.203007 -0.539332 0.054667 -0.024486
-0.711559 -1.093782 1.611076 -0.009910 0.303902 0.499975
0.269221 -0.307209 0.529826 0.363883 -0.591774 -0.206973
0.488249 0.022037 0.180149 -0.050730 0.155128 0.812803
-0.750687 -1.540063 -0.368966 -0.292543 0.230911 0.232018
-0.290472 -0.894801 -0.696726 -0.372964 -0.357260 0.435963
-1.818099 -0.048520 -2.357068 0.412169 0.271600 -0.053779
-0.347283 -1.082716 0.151898 0.390160 -0.004295 -0.220593
-2.252355 7.278165 0.368597 -0.061373 -0.039255 0.158406
0.086002 -0.011605 -0.366515 -0.525157 -0.478054 0.406378
0.581118 -0.043035 0.054315 0.230230 -1.043620 0.453319
1.466099 1.599396 0.948986 -0.142926 -0.130741 0.122894
0.068325 -0.041230 -0.584607 0.302490 0.094206 -0.680488
0.085821 -0.238289 0.815491 0.155164 -0.300496 -0.896525
0.622464 0.601402 0.663381 0.154341 -0.522663 -0.108531
1.217793 -1.075300 0.196254 -0.162068 -0.176957 -0.606532
0.970093 0.548715 -0.819310 -0.042405 0.043100 0.124100
-1.297077 -0.168468 0.461280 0.366240 0.109115 -0.050868
-0.527584 0.390914 -0.814388 -0.086729 0.230668 -0.355940
0.007919 -0.386553 0.038328 0.122067 0.877672 0.729008
-0.544242 1.290298 -2.001743 -0.377935 -0.133810 -0.018455
0.228218 -0.443632 -0.405682 0.552476 0.206327 -0.083714
0.345149 -0.545744 0.360140 -0.157135 0.045701 -0.047716
0.013409 -0.232994 -0.132286 0.092515 0.349041 -0.099596
-4.037446 5.351861 7.704761 -0.189655 0.094512 0.065387
-1.250836 -0.576755 1.178105 0.371896 -0.257193 0.182445
-0.040788 0.121636 -0.186779 -0.684758 0.393608 -0.123426
-0.325100 -0.319407 -0.385527 1.081816 -0.080376 -0.493231
-0.716944 -0.476620 0.329974 0.129070 0.406727 0.701261
-0.044212 0.602231 -0.160961 0.068230 0.014483 -0.300941
0.001907 -0.238508 -0.310748 0.058604 -0.514024 0.731382
-0.785387 -0.440968 -0.457488 0.181262 0.594750 -0.006452
1.015062 1.131991 -0.216638 -0.104375 -0.261987 -0.034567
-0.218628 -0.300837 -0.418819 -0.005081 -0.233229 0.485645
0.736768 0.547017 0.484416 -0.695664 -0.346080 -0.067485
0.615168 1.357458 0.186250 -0.030242 0.053174 0.069727
-0.324805 -0.685088 0.354415 0.162044 -0.516987 -0.161975
-0.250304 -0.075338 -0.332774 0.314345 -0.033214 0.087194
0.205873 0.142458 -0.236943 0.563535 0.530656 -0.425932
0.321209 0.428687 -1.017844 -0.148852 -0.116060 -0.185730
-0.281435 -0.133137 -0.055436 -0.469198 -0.390685 1.103597
-0.127995 -0.421995 -0.477682 -0.766444 0.302957 -0.711183
-0.409264 -0.267956 -0.163596 0.183817 0.055784 0.037159
0.750941 0.082770 0.577149 -0.220356 0.000203 -0.039800
-0.344373 0.016642 0.512018 0.172670 0.336027 -1.019539
-0.111488 -0.116287 -0.119246 -0.227967 0.673473 -1.076124
-1.220222 -0.162735 0.109558 -0.275336 0.297241 0.081832
-0.276847 -0.848182 0.665124 -0.522618 0.104548 -0.123354
0.490255 0.347790 -0.080241 -0.430662 -0.123660 -0.140194
0.299654 -0.346819 0.366433 0.789476 -0.125372 0.489032
-0.342365 0.472429 -0.606262 0.328683 0.564130 -0.181660
-0.419615 0.157584 0.482070 0.132097 -0.204086 0.466691
-0.499307 0.089605 0.256240 0.002741 0.416339 0.054406
0.323895 0.548754 0.082177 0.391944 0.481684 0.605159
-0.473397 -0.304711 0.401442 -0.083041 -0.228585 0.093983
-0.398890 -0.191681 0.399550 0.145402 0.108725 -0.039592
-0.011293 0.050410 0.017894 0.013624 0.683073 0.407669
1.000297 -0.731437 -0.857211 -0.371483 -0.280023 0.201210
0.128814 -0.042348 0.052745 -0.000770 0.730276 -0.276753
0.115109 -0.178207 0.227890 0.179890 0.480506 -0.280555
-0.368046 -0.186817 0.568177 0.336074 0.492770 -0.453647
-0.308444 0.481072 0.492014 -0.044875 0.278645 1.203054
-0.817232 -0.636180 -0.208181 -0.198398 -0.092937 0.229505
-1.085325 -0.801734 -0.831865 0.224431 0.674223 0.017135
3.100767 -3.532525 -5.422481 0.052615 -0.002976 0.041046
0.825905 0.116108 0.062503 0.453427 -0.298129 -0.158383
-0.047665 -0.496697 0.162838 -0.339455 0.630435 -0.486977
0.575700 -0.393417 1.037215 -0.060849 0.181584 0.308436
0.552829 -0.351985 -1.629470 0.264253 0.210304 -0.430918
-0.600732 0.135433 0.303917 0.315818 -0.177358 0.099715
0.007027 -0.223169 0.845513 0.085887 -0.168643 0.629958
-0.010402 -0.190739 -0.468423 -0.540858 -0.388470 -0.476967
-0.918731 0.012908 -0.030474 0.068985 -0.342883 0.596556
14.214789 -1.188006 -5.440829 -0.287912 0.003859 -0.052355
0.243474 0.157046 -1.189423 0.464924 -0.613151 0.095254
0.057593 -0.039565 -0.364575 -0.321684 -0.991805 -0.497771
0.653919 2.221788 1.085011 0.048456 0.075769 0.038300
-0.147217 -0.213665 0.422291 0.127125 0.173414 -0.048168
-0.931423 -0.392214 -0.078374 -0.255477 0.116489 -0.468765
-1.674013 -4.149282 4.920181 -0.372527 -0.096377 -0.053165
-0.073985 -0.245249 0.232339 -0.001326 -0.107552 0.525117
-0.398393 0.063437 0.535283 -0.115545 -0.502835 -0.822698
0.346911 0.833234 -0.933581 -0.184815 -0.063934 -0.093719
0.068103 -0.036958 -0.091095 0.285367 -0.286750 0.597473
0.337379 0.062343 -0.518696 -0.185558 -0.154162 0.706024
-0.083222 -0.321933 -0.023418 0.125611 -1.052209 -0.749489
0.235865 -0.417301 -0.104899 0.115264 -0.293171 -0.250606
-0.032355 -0.283622 0.089575 -1.133910 0.472324 -0.671166
-0.204886 -0.276218 -0.347806 0.495044 0.076332 -0.190930
-0.512602 -0.779601 0.430595 0.128128 -0.183609 -0.059986
