0.411079 0.669923 0.046825 -0.005513 0.005120 -0.006340
0.418021 -0.213503 -0.262459 0.026498 0.005846 -0.006997
-0.290954 0.481810 0.089388 -0.004738 0.019679 0.025053
-0.305411 0.544198 0.204721 -0.014473 -0.045299 -0.004597
-0.881716 -0.960176 -0.187431 0.001043 -0.022342 -0.001796
1.579222 -0.236704 2.848240 0.002093 -0.006281 0.004673
-0.132617 0.610781 -0.683185 0.002344 0.018263 -0.003435
-1.910868 2.418308 -0.123901 0.004604 0.006074 0.008176
-3.620267 0.392378 -0.950423 -0.002408 -0.010587 0.001465
0.229701 -0.609183 -0.114399 0.018039 -0.000392 0.001141
1.523273 -1.524716 0.540023 0.001775 -0.001915 -0.006302
-0.429328 -0.276948 -0.016812 0.007969 0.032668 -0.004928
-0.234992 0.429636 -0.198629 0.015908 0.013844 0.019795
-0.737077 -0.277774 -0.606904 0.004950 -0.003943 -0.007300
-1.150370 0.048803 -0.620314 -0.007839 0.020254 -0.001900
0.390920 -0.150868 -0.003774 -0.002457 -0.004401 0.030130
-0.137145 0.839366 -0.302597 0.014855 -0.001552 0.015219
0.678126 1.106680 0.210781 0.001901 -0.018663 0.004324
-0.022722 -0.093859 1.552154 0.000040 -0.002963 -0.018333
0.039629 -0.051119 0.009256 0.007027 -0.000304 -0.005757
-0.387630 -0.272719 -0.558027 -0.001442 -0.000207 0.005625
-0.340545 -0.272145 -0.021516 0.007052 -0.005834 -0.009197
-0.091978 0.477004 -0.039389 0.027419 0.005116 -0.004137
0.713683 -0.205395 2.412479 0.000586 0.001511 -0.010782
-0.024233 -0.030410 0.378528 0.005249 0.022226 -0.023945
-1.404797 -0.263693 4.257345 -0.000574 -0.000168 0.000763
-0.073142 0.018907 0.401753 -0.001054 -0.000373 -0.003501
-0.693300 0.187872 0.242623 -0.027128 -0.000942 0.012715
-0.262488 -0.305070 0.034856 -0.013343 0.013125 -0.015271
-0.832803 0.501469 -0.291231 -0.002868 -0.010757 -0.002931
0.561509 0.201432 -0.345469 0.015587 -0.019169 -0.019127
0.436628 1.907700 0.493872 -0.008062 0.008265 0.003346
-1.371605 0.839839 -0.126101 -0.002266 0.002788 -0.004779
-0.668064 0.181909 -0.469048 -0.005561 0.012577 0.006872
-0.463663 0.497956 -0.586342 -0.007087 0.000134 0.013927
0.784046 0.153113 0.005454 -0.012859 -0.018696 0.000085
1.245622 0.277570 -1.413999 -0.008990 -0.003574 -0.003877
0.157047 -0.584059 0.414278 -0.006474 0.004521 0.025786
-0.025058 0.217527 0.060457 0.008035 0.015073 0.000498
-10.468028 -3.485951 -2.839237 0.003034 -0.004569 -0.002410
0.476826 0.203959 0.424940 0.011841 0.013946 0.004279
-0.881467 0.137522 0.170840 0.008030 0.003343 -0.035055
1.005579 0.452866 0.007662 0.022522 0.005897 0.014024
-0.837559 0.347017 -0.043961 0.001391 0.009919 0.000978
-0.105452 1.124538 0.878685 0.000502 0.017731 0.004628
0.694953 -0.228359 0.244179 -0.005674 0.018429 0.018203
-0.607788 2.103543 1.913910 -0.005197 0.000176 -0.009031
-0.339718 0.075209 -0.268787 -0.003394 -0.008209 0.004033
0.284962 -0.312416 0.051659 0.005532 0.025948 0.005415
-0.108698 -0.795231 -0.149402 0.000801 0.015855 -0.006159
0.582634 -0.610771 0.384109 0.000425 0.022696 -0.000923
0.145240 0.106639 0.459268 -0.003447 0.009120 0.014564
-0.002228 -0.016954 -0.020057 -0.004002 0.008022 0.026771
-0.037911 0.471940 0.365747 0.009712 0.008722 -0.010387
-0.237515 0.624788 0.144265 0.001718 0.019142 0.001677
0.114088 0.298732 0.647800 -0.014890 0.009498 -0.006225
0.444889 -0.799845 -0.424861 0.004919 0.008517 0.016194
0.090939 0.043119 0.526931 0.012105 -0.008594 0.002821
0.345769 0.061466 -0.091436 0.033581 -0.003092 -0.001828
-0.146134 0.926586 -1.280333 0.009106 -0.004210 -0.001874
-0.416868 0.996982 0.298522 -0.000485 0.004654 -0.025042
0.400896 0.276507 -0.295457 -0.006330 0.007029 0.018418
-0.520544 0.304031 -0.236212 0.007832 -0.006970 0.003599
-0.519573 0.768352 0.416684 -0.019967 0.003310 0.001848
-0.224234 -0.259505 -0.055343 0.004918 -0.013229 -0.000288
0.064499 0.344497 0.550150 0.012054 0.037510 0.009191
0.595425 0.504358 0.581364 0.004727 0.002600 -0.019591
0.261606 0.530683 0.374372 0.006994 0.024046 0.031474
-0.085662 0.200038 0.583897 0.000270 0.019729 0.020515
-0.311133 0.243812 0.477947 -0.009407 0.002168 -0.030469
0.177597 -0.251847 0.487247 -0.001996 -0.020177 0.004660
0.237856 -0.141858 0.600697 0.008546 -0.006784 0.011181
0.388118 0.538360 -0.171443 0.001028 -0.011991 -0.017657
3.515724 -3.296624 0.444366 0.002452 -0.000063 -0.011895
0.485670 -0.686191 -0.431840 -0.006672 0.002157 -0.000708
-0.446318 0.790354 0.107742 0.029971 0.007596 -0.003932
-0.285487 -0.639658 0.028367 -0.017979 0.020000 -0.007037
-0.418395 0.310633 0.600759 -0.010087 -0.026949 -0.002516
0.559047 -0.463383 0.313008 -0.000821 -0.025498 0.006348
-0.010945 1.259677 0.685304 0.001184 0.015075 -0.012406
-0.237309 0.237442 -0.022068 0.014051 0.009599 0.024625
0.385614 0.936434 -0.996838 -0.000534 -0.009908 0.015539
-0.114346 0.012470 0.461932 0.002052 0.015792 0.007091
0.318942 0.911740 -0.278396 -0.008925 -0.003083 -0.005103
0.986621 1.465418 -0.629775 -0.012729 0.016175 0.002671
0.310404 -0.319740 -0.197590 -0.021411 0.002389 -0.019755
-0.351828 0.487874 0.032063 -0.012377 -0.009207 0.004310
-0.003383 0.014109 0.169473 0.011258 -0.011275 -0.019129
-0.473835 -1.104951 -0.960497 -0.002049 0.006352 -0.009893
1.383820 -0.462796 -0.747308 -0.019564 0.001083 -0.001597
0.138956 0.596381 0.139135 -0.005532 0.029973 0.012660
0.058613 -0.462484 0.440154 -0.011085 0.011256 0.006104
0.286475 0.202681 -0.605735 0.004952 0.023937 -0.014146
0.127180 -0.264196 0.352415 0.000723 -0.016819 0.005331
0.739875 -1.279212 0.092353 -0.017750 -0.008615 -0.002657
0.361801 -0.764618 0.822454 0.005012 -0.014971 0.015786
0.138724 -0.343930 0.398940 -0.007340 0.026973 -0.014206
-0.376705 0.073403 0.183210 0.000881 -0.010223 0.009716
0.316037 -0.481841 0.814156 0.003545 0.012341 -0.005735
1.021119 -0.666904 -2.340525 -0.001320 0.001165 -0.005447
0.400642 1.456523 -2.309128 0.002328 0.009980 0.010226
-1.036408 -0.230937 -0.373735 0.010920 -0.007367 0.007735
-0.112939 -0.128898 0.064134 -0.000864 -0.010499 -0.018290
0.365786 -0.673293 -0.186061 -0.006753 -0.001208 0.002345
-0.340065 -0.591522 -0.930820 0.011830 -0.005493 0.000131
1.006158 -0.556356 0.745867 0.002118 0.002734 -0.006159
0.706177 0.532116 -0.642057 0.011165 0.009450 0.000609
-0.954177 1.514885 -0.812363 -0.003363 0.004321 -0.023122
0.332463 1.826669 0.533251 -0.000312 0.003659 -0.012677
0.146973 -0.533943 -0.478314 -0.003842 -0.023130 -0.016085
-0.186534 -0.344560 -0.464942 0.012206 0.006370 -0.029169
-0.143023 -0.122538 0.355992 0.000886 -0.027667 -0.013779
-0.393035 -0.373892 0.467919 -0.010564 0.003625 0.026493
-0.554134 -0.608698 0.483250 0.008650 0.004782 -0.024268
-0.094021 -0.463707 -2.294478 0.005946 -0.004958 0.001797
-0.494797 0.246389 -0.172288 -0.028511 0.036585 0.005379
-1.012543 0.173666 -0.159571 -0.003365 -0.010581 0.017777
0.025310 0.664372 -0.233223 0.003186 0.003669 -0.025768
-4.136386 -1.284658 -5.198660 -0.000257 0.000832 0.002004
0.349180 -0.021999 0.572764 0.020184 0.028587 -0.008233
0.304728 -0.181225 0.235801 -0.024409 0.017564 0.003530
-1.094534 2.005351 -0.094292 -0.008049 0.001858 -0.010065
-0.986422 0.131818 -0.935520 -0.000677 -0.011024 0.003057
0.341879 -0.031701 0.239990 -0.016281 0.024813 -0.009487
0.122882 0.003146 -0.338175 -0.017918 0.005841 0.026736
0.426681 -0.054691 0.624324 -0.017940 0.010925 -0.015327
0.086255 -0.294026 -0.181375 -0.004021 -0.000132 0.000064
0.025461 0.236270 -0.050462 0.004637 0.016786 -0.036092
1.122374 0.456542 0.803038 0.017738 0.010681 -0.001454
-0.565108 -0.372066 0.367720 0.015209 0.002163 0.013847
0.766181 -0.425423 0.959380 -0.022466 -0.007983 -0.013359
0.058763 0.082822 0.034366 -0.038950 -0.024712 -0.002323
-0.343943 -0.289139 -0.612621 -0.010773 -0.012287 -0.003479
-0.594263 -0.096411 0.045862 0.007321 0.022501 -0.008231
0.283394 0.534696 -0.187501 -0.001076 0.006805 -0.006741
-0.372352 0.074407 -0.297340 0.003923 0.016787 0.007159
0.561861 0.349383 -0.154168 0.000465 0.006462 0.006671
0.124920 0.072303 -0.524807 -0.008547 -0.010580 0.002387
1.210297 -0.290178 -0.507960 -0.007276 0.002514 0.003373
0.680780 0.088256 0.417548 -0.009559 -0.014670 0.012342
-2.948573 3.045369 -1.231019 -0.001431 0.003413 -0.001190
0.209014 0.045472 -0.145064 0.010526 -0.005914 -0.016705
1.227480 -0.873989 -0.730241 -0.006334 0.013888 -0.000171
-0.208952 -0.544246 0.140023 -0.014941 0.023399 0.021239
-0.206191 -0.757610 -1.300816 -0.002370 0.005607 -0.001000
0.015196 -0.007159 0.884197 0.007942 -0.015777 -0.008374
0.142084 0.583814 -0.229554 0.002977 0.020349 -0.015171
2.543012 -0.391212 -5.252891 -0.003348 -0.000098 0.001366
-1.287781 2.697002 -1.499859 0.001104 -0.002150 0.005941
1.923849 -0.231921 -1.681590 -0.009391 -0.012813 -0.000958
0.469370 -0.150631 0.814645 -0.002752 0.002556 -0.010447
-0.249458 -0.006026 1.208346 -0.001885 -0.002692 -0.003347
0.928037 0.062938 -0.411332 -0.010889 0.010599 0.000834
0.777820 0.262798 -0.058534 -0.019321 0.010090 -0.001574
-0.335394 -0.014298 -0.785228 -0.007440 0.031488 0.004673
-0.897780 -0.028886 0.241293 -0.003545 0.003297 -0.010928
0.300518 -0.169029 -0.090678 0.019195 -0.000484 -0.001293
1.615237 0.147661 0.862078 -0.009876 -0.006422 0.000442
0.177289 0.203854 -0.107304 0.016534 0.023699 0.006782
-0.229479 -0.288409 0.463336 0.003822 -0.007165 -0.018181
0.100964 -0.044688 -0.479330 0.008974 -0.000295 -0.001104
3.140569 -7.289251 5.191133 0.002981 -0.004878 -0.003534
0.465347 0.242820 -0.704500 -0.000058 0.004830 -0.009946
-1.510438 0.771023 0.981596 0.012071 0.001258 0.005031
1.019435 0.363836 0.230112 0.004736 0.003707 0.000095
-0.856951 0.420952 0.321477 0.004248 -0.009455 0.015921
0.694257 -1.096552 2.164422 0.013509 -0.007612 0.001736
-0.396739 0.287342 0.469839 -0.011513 -0.016753 -0.001217
15.598454 5.100724 6.535208 -0.000083 -0.000264 0.000821
-0.383382 0.396325 0.936933 0.010533 0.015617 -0.008888
0.327711 0.984551 -0.072284 0.000875 -0.000399 -0.007850
1.015755 -0.599305 -1.992554 -0.011859 -0.005853 0.010627
0.055835 0.272758 0.418683 -0.010133 -0.003129 0.000779
0.735047 0.917473 -0.789517 0.004372 -0.000137 0.019133
-0.430927 0.420151 1.605341 0.005549 0.005639 -0.013525
0.552851 0.550981 -0.097528 -0.016005 0.003452 0.011896
-0.374116 0.337415 0.360927 -0.001517 -0.014007 0.003946
0.164338 -0.265394 -0.388736 -0.018860 -0.011832 -0.001233
-0.101294 0.105693 0.474195 0.003633 -0.000592 0.007692
-0.557916 0.238100 0.396437 0.000938 0.010609 0.019663
0.164893 0.164289 0.568842 -0.014272 0.033598 -0.011981
1.658158 0.633307 0.305181 -0.011711 0.004156 0.006673
0.209929 0.373037 -0.154955 0.012318 0.010755 -0.015655
-0.866260 -0.875830 1.811256 -0.006779 -0.006584 -0.005272
0.164280 -0.578869 -0.614950 0.009192 -0.030651 0.004489
0.239952 0.786579 -0.950990 0.012359 0.011706 -0.016549
-2.507935 0.210678 0.648716 0.014990 0.004239 0.003321
-0.488825 -0.411615 0.018397 -0.005126 -0.009612 -0.002583
0.156306 0.442943 0.275000 0.005818 -0.002945 -0.010924
0.028806 -0.077291 0.426585 0.015102 0.002342 0.017780
0.312896 -0.194193 -1.104472 -0.023146 0.005199 0.012539
-0.275616 0.574536 -0.278145 0.004915 -0.010275 -0.001866
-0.596400 0.191802 -0.412292 0.028841 0.004338 0.003656
0.258538 -0.064732 0.338584 -0.006670 0.013881 -0.008480
2.182193 2.673078 -3.283353 0.004889 0.004461 0.006067
-0.000710 0.704099 0.203652 0.008044 -0.003784 -0.002774
0.033961 -0.156865 -0.189485 0.003977 0.013066 -0.000506
0.511863 0.787895 -0.599972 0.019741 -0.016593 -0.008809
-0.437492 0.624994 -0.379784 0.006981 0.000233 -0.010547
-0.056314 -0.136375 0.344312 -0.011748 -0.006457 0.011614
-0.153991 0.596793 -0.056227 -0.004250 0.001967 0.010809
4.734569 -0.015346 3.740086 -0.002591 -0.005354 -0.004058
-0.236170 -0.506579 0.061208 0.012527 0.019053 -0.019839
0.060562 -0.001363 0.865859 0.004788 0.016841 -0.002773
0.008304 0.477091 0.506178 -0.017915 0.006269 -0.002731
0.034705 -0.470435 0.138085 -0.001708 0.010009 -0.015800
0.322303 0.245136 0.183949 0.038447 -0.029972 -0.007752
0.542011 0.912326 -0.066354 -0.017363 0.011584 0.008048
-0.598896 -0.207100 -0.736349 0.005804 0.009920 -0.012366
0.084099 -0.789133 -0.039645 -0.002478 0.002854 -0.006564
0.067472 -0.084590 -0.031951 -0.012796 -0.026180 0.012653
-0.075067 -0.889406 -0.016965 0.009057 0.006913 0.009586
-0.326627 -1.479828 -0.215285 0.001348 0.020907 0.003466
-1.107889 0.573135 -0.683915 0.014174 -0.002025 -0.014655
0.576248 -0.190556 -0.051120 -0.011907 0.012188 -0.020840
-0.616423 0.810363 0.086858 -0.009516 0.014825 0.007328
-0.311853 -0.685758 -0.351774 -0.018024 -0.010662 0.003278
-6.459569 2.241175 2.081563 0.005265 0.000993 -0.014441
-0.351117 -0.172596 0.534949 0.008047 -0.000536 -0.021626
0.165794 0.094821 -0.078028 -0.002999 -0.023077 0.039343
-0.130359 -0.281608 1.281679 0.002186 0.001408 0.017945
-0.060403 0.309225 -0.074800 -0.024112 -0.004476 0.025723
-1.247632 0.691575 1.308088 0.014358 0.003045 -0.001641
1.342494 0.632957 -0.778429 0.004543 0.009370 -0.005242
-0.115097 1.213429 -0.150628 -0.013629 -0.002856 0.007002
-0.384835 -0.163093 -0.173022 0.035275 0.031053 0.000302
9.562041 -3.382542 2.662815 0.002531 0.000119 0.008143
0.155487 0.271041 1.673818 0.011459 0.001369 -0.000495
0.319105 1.282084 0.380394 0.013968 -0.010116 -0.006616
0.680825 -0.581976 -0.288346 -0.006345 0.008422 0.012002
0.119637 0.336638 0.020671 0.002096 0.012080 -0.001375
1.879344 0.014038 0.003456 -0.006102 0.012530 -0.004186
-0.165073 0.148108 0.007652 -0.003168 0.009252 -0.007581
-1.720437 -0.583928 -1.582130 -0.012488 0.011273 0.006142
-0.385866 0.042043 -0.044331 -0.017299 0.018172 0.016745
0.113720 -0.406833 -0.144981 0.029874 0.000071 0.007894
1.195413 1.191982 -0.855697 -0.011363 0.000491 0.007877
0.087513 -0.130045 -0.274076 -0.003836 -0.008440 -0.004730
-0.759054 -0.264131 0.858344 -0.008792 -0.000941 -0.022042
-0.070532 1.945427 2.641392 -0.005527 0.003495 -0.003646
-0.340714 -0.068638 -0.471423 0.021024 0.005336 -0.008002
-0.137155 -0.508010 0.386876 -0.010187 -0.003259 0.001266
-0.305792 -1.613956 1.722682 -0.006079 -0.004311 0.001532
0.035212 -0.410532 -0.176190 0.002821 -0.006060 0.004547
0.183560 0.367883 -0.508898 -0.004022 0.009773 -0.007765
0.371192 -0.089859 -0.367928 0.004930 0.000048 0.002589
0.134851 0.337342 -0.096162 -0.009608 -0.025089 0.025034
-0.138718 2.718304 -3.656945 -0.000162 -0.010490 -0.005673
-0.087709 -0.053245 0.616557 0.014151 -0.000226 -0.006616
-0.063634 0.273816 0.271020 0.012044 0.024044 0.008688
-0.056546 0.148055 0.392281 0.025552 0.002506 0.011929
0.107459 0.348029 0.755103 0.007388 -0.003422 -0.005126
0.788130 0.156582 1.085135 0.000087 0.002176 0.013700
-0.528971 -0.487246 0.598367 -0.013812 0.003030 -0.014850
-0.466695 0.625332 0.146961 -0.018092 0.016119 0.009589
0.178349 -0.494625 0.237632 -0.006317 -0.024700 0.023157
0.001501 -0.239882 0.007118 -0.018254 0.019103 -0.002148
-1.311752 -0.808776 0.243999 0.006096 0.003934 -0.006042
0.553093 0.069067 -0.507991 -0.003165 -0.005630 0.009466
-0.190306 -1.641280 -1.075094 0.010374 0.015487 -0.006196
0.392256 -0.016708 0.176075 -0.016182 -0.008048 0.012041
0.476685 -0.243545 -0.145412 -0.012298 -0.043648 -0.006171
-0.460923 -0.670060 0.054440 0.003362 0.015598 -0.021908
-0.115296 -0.149770 -0.312267 -0.008534 0.000905 0.003673
-0.232382 0.197616 -0.459665 0.000786 0.001451 -0.002875
0.581412 0.894877 -0.652421 0.008672 0.003980 0.008029
0.504813 1.335913 0.680010 0.005218 0.009315 -0.009127
1.133902 0.144513 1.283762 -0.005094 0.000881 0.005447
1.070565 0.488581 0.704443 -0.027814 0.012059 -0.003433
-0.355092 -0.186601 0.099356 -0.019412 -0.002728 0.021779
0.139738 -0.223816 0.341450 -0.008852 0.004612 0.013122
0.096765 -1.289652 0.494557 0.016886 0.014692 0.003316
-0.005710 0.350541 -0.376536 0.008089 -0.002740 -0.017584
-1.636314 -0.958569 -3.225600 -0.001660 0.000921 -0.002820
0.008253 -0.349603 0.429597 -0.016522 -0.006613 0.000658
0.572501 -0.467697 0.458121 0.007517 0.020687 -0.012618
-0.232424 1.162377 -0.339459 -0.003227 0.002136 0.013895
-0.540028 -0.074852 0.529802 -0.014821 0.006327 -0.008716
0.407561 -0.004569 0.148230 -0.018387 -0.025086 0.000053
-0.067297 0.673077 0.263158 -0.014477 0.007678 0.016823
-0.173537 -0.031493 0.224639 -0.024435 0.010705 0.046257
-1.645873 0.803852 -1.482948 0.007917 -0.004075 -0.010648
-0.734530 -0.298972 0.310540 -0.007257 -0.011907 -0.004519
0.581421 0.236564 -0.102406 0.032449 0.007492 0.012469
0.404468 0.263589 -0.758727 0.006479 -0.005385 -0.009002
-0.195505 0.532054 0.066649 -0.004572 0.010473 -0.008145
0.155609 -0.068384 0.399203 0.022527 0.011539 -0.004164
-0.230978 1.246119 -0.213534 0.011373 0.002354 0.013218
-2.082945 -4.157165 -1.224754 -0.005043 -0.003342 0.013652
-0.399414 -0.823571 -0.648366 0.005223 -0.002017 0.018743
-0.319377 -0.139079 0.070433 -0.004246 0.004756 0.025461
-1.592457 1.766592 0.722603 -0.002114 0.003424 0.000510
-0.194147 0.003773 0.604392 0.033724 -0.002270 0.021648
-0.604487 0.678790 0.644257 0.016676 -0.002380 0.012088
0.345806 -0.460085 0.246351 0.004904 -0.003941 0.009721
-0.204874 0.725775 1.369144 -0.017558 0.001627 0.003450
1.441710 1.255851 1.094377 -0.004259 -0.017093 0.001589
0.509733 0.083716 0.362055 -0.011785 0.014053 0.022791
0.101690 -0.137953 -0.466251 -0.023467 -0.009915 -0.001630
0.312565 0.166446 0.356907 -0.004715 0.015018 0.009663
-0.738750 0.732102 0.365925 0.000149 -0.004629 0.000382
-0.611402 0.172491 -0.327745 -0.035317 -0.001972 -0.005145
-1.995361 -0.336153 0.184674 0.005942 0.002271 -0.012115
-0.652856 -0.400504 -0.406941 -0.017006 -0.004131 -0.022585
-0.463680 -0.607731 -0.794383 0.004132 -0.023668 -0.000752
0.210008 -0.562968 -0.634892 -0.004015 0.012948 -0.001136
0.099152 -0.305767 -0.394698 -0.017732 0.015418 0.003077
-0.207318 -0.088667 -0.083131 -0.015595 0.004968 0.001128
0.191818 -0.255274 0.027986 -0.030961 0.001820 -0.017099
0.932621 0.010685 0.102380 -0.009281 -0.015215 -0.014611
-0.681632 0.410825 -0.776817 -0.001140 -0.018357 0.005902
0.136328 0.463067 -1.992853 0.003384 0.018809 0.003380
-0.418624 0.150554 -0.491266 0.001343 -0.011580 -0.006519
0.211105 0.238970 -0.104167 -0.014900 0.006761 0.005855
-0.323580 0.322954 0.055394 0.010399 0.008550 0.009488
0.370941 0.536291 -0.094518 0.005751 -0.006374 -0.029967
0.455891 -0.891593 0.963622 0.021897 0.000516 -0.008416
-0.147541 0.034562 0.458274 -0.003616 0.012792 -0.020971
-0.424600 0.218024 0.186983 -0.009201 -0.006394 0.000529
5.592744 0.714247 1.031713 -0.001837 -0.003475 -0.010438
0.087047 -0.021850 0.264847 0.010067 -0.013581 -0.000717
0.301718 0.068513 -0.073098 -0.041316 -0.011374 0.004462
-0.487106 0.275755 0.051231 -0.006127 -0.023404 -0.016365
-0.021226 0.020312 0.276903 -0.012941 -0.017098 -0.002864
-0.203383 0.250539 0.617009 -0.008796 -0.006257 -0.013587
-0.836602 -0.401359 -0.153463 0.009670 0.008576 -0.002013
0.469341 0.492048 0.657623 0.000698 0.017804 -0.018010
-0.305936 -0.924810 -0.158278 0.013571 -0.015576 -0.022931
-2.060785 -0.594103 0.320126 0.002692 -0.017072 0.006238
0.060638 0.416082 0.034994 0.003453 0.003007 0.010420
-0.487281 0.174346 0.124729 0.013694 0.010334 0.008084
0.283039 -0.036966 0.028301 0.016723 0.016797 0.001646
0.681407 0.260601 0.202721 -0.017961 -0.034326 0.007831
0.393141 0.022894 -0.644513 0.004578 -0.009685 0.007016
-0.000369 0.172500 -0.132083 -0.003549 0.011967 -0.012797
0.670066 -0.099570 0.013235 0.001029 -0.009453 0.007951
-0.334618 -0.095251 1.195866 -0.004278 0.012130 0.018046
-0.200448 -0.083912 -1.082542 -0.015725 -0.009142 0.010471
0.120271 0.493446 -0.124972 0.006619 0.002733 0.007431
-0.066193 0.266797 -0.044949 -0.002958 0.029585 0.004301
-1.154234 0.331172 -1.775727 -0.012405 -0.001384 -0.007779
1.486951 -1.511034 -0.230620 0.020123 0.008931 0.005503
0.065160 0.087658 0.021848 0.028442 -0.004690 0.018640
0.361142 -0.397223 0.716171 0.001291 -0.001546 -0.006689
-0.148732 0.230701 -0.172824 -0.031003 -0.003524 -0.009629
-0.982859 -0.243548 -0.781753 0.005851 0.014776 0.018483
0.613975 -0.376549 0.402189 -0.001828 -0.016715 -0.015336
0.513044 0.136698 -0.248976 0.002579 -0.004424 -0.001639
0.248785 -0.100945 0.226142 0.009498 -0.009345 0.008946
-0.662686 1.870746 -0.264765 -0.003288 0.000078 -0.010386
-0.379291 0.023237 0.031576 -0.011940 -0.021941 -0.030183
0.314068 0.208234 -0.154032 0.014535 -0.029986 0.018747
0.880737 -0.449106 -1.080790 -0.012019 -0.000604 -0.008709
-0.198520 0.191759 0.066441 0.022147 0.032584 0.002031
0.057056 0.400669 0.986389 -0.019561 0.008278 -0.007935
-0.004041 -0.440806 -0.929464 0.001716 0.001788 -0.013461
0.866038 0.249333 0.584584 -0.011378 -0.010453 -0.003943
-0.245516 0.013078 0.189756 0.026875 0.009041 -0.001501
0.043494 -0.001853 0.294230 -0.008197 -0.014552 -0.001303
-0.340607 0.256524 -0.689635 0.008504 -0.006205 -0.002492
0.177630 0.253547 -0.008239 0.019624 0.007173 0.012888
-1.262507 0.663632 2.837869 0.000660 -0.002288 0.003148
0.120503 0.413649 -0.249420 0.003658 -0.003906 -0.005810
0.346550 -0.214915 -0.501357 -0.013080 0.004596 -0.010048
0.343676 0.513918 0.162902 0.017990 0.007313 -0.010739
-0.677563 -0.093146 0.256691 0.028023 -0.016409 -0.006394
0.082539 -0.589710 -0.624567 0.000259 0.013405 -0.021839
0.452038 -0.398674 -0.128217 0.001501 -0.027587 0.005427
-0.302663 -0.681151 0.325384 0.022160 -0.010051 -0.022953
-0.376141 0.088254 -0.392188 0.001567 0.009674 -0.013349
-0.046320 -0.058945 -0.335247 0.008035 -0.003601 0.018114
1.934908 -0.564811 0.666584 0.001796 -0.002978 -0.001610
0.226555 -0.357729 -0.415978 -0.005857 -0.009510 -0.005540
3.305893 -0.473561 1.854560 -0.000864 0.004386 0.003389
0.510651 -0.936779 0.796900 -0.001739 -0.013115 0.005448
0.426649 0.042436 -0.387885 -0.003581 -0.005082 0.015684
-0.840698 -0.045919 0.227035 0.007347 0.009978 0.010389
-0.360008 -0.283209 -0.954238 -0.008873 0.001908 0.004831
0.321452 -0.229214 -0.407403 -0.005178 -0.024047 0.019335
-0.411409 -0.236356 0.547354 -0.000887 -0.012753 0.021440
-0.479719 -0.811865 -0.586748 -0.000405 0.009189 0.012045
0.766999 -1.487887 -0.601283 -0.004872 -0.005776 -0.006475
0.098824 -0.031149 -0.213408 -0.009678 -0.008335 0.004145
-0.152697 -0.164985 -0.008263 0.001957 -0.016611 -0.030184
-0.128179 -0.406576 -0.630692 0.002014 -0.016652 0.000149
-1.125873 -0.484112 1.362283 -0.008029 -0.004807 0.013633
-0.137330 -0.188210 0.160633 0.021285 0.010750 -0.007713
-0.180883 0.284115 -0.274206 0.000416 0.007385 0.000502
0.423104 -0.178793 0.221055 -0.016005 -0.016937 0.007769
0.321071 0.008190 0.086044 -0.018499 -0.004321 0.007687
1.440134 2.390385 -1.197196 0.001958 -0.001785 -0.006688
-0.012810 0.307444 0.085467 -0.041256 0.008604 -0.000430
0.336458 -0.018979 0.111541 0.022550 -0.004832 -0.033270
0.191025 1.995741 0.612000 -0.001625 0.001194 0.012716
0.276538 0.538802 -0.149780 -0.000618 0.014529 -0.011532
0.870089 -0.392014 -0.533594 0.002091 0.005796 0.013322
-2.330324 0.476023 1.100506 0.018961 0.006241 0.001767
-0.133667 0.227738 0.280564 -0.004357 0.020330 0.009631
0.261826 0.206996 0.868524 -0.001686 -0.007333 0.010425
-0.298316 -0.476278 -0.691491 -0.008313 0.026923 0.003085
0.005963 -0.555763 0.649051 -0.002034 0.006643 -0.001666
0.244429 0.302551 0.003195 0.001122 0.020798 -0.026363
-0.142036 -0.033126 0.062695 0.015806 0.022715 -0.016405
-0.079335 -0.373162 -0.298488 -0.011643 -0.001508 0.001457
-0.545931 0.172596 -0.072800 -0.026082 0.001797 -0.015944
1.104573 0.602690 1.693551 0.014892 0.006314 0.008024
0.843869 0.218023 0.102646 0.005972 0.020260 -0.009664
-1.345097 -0.733894 -0.873310 0.011156 0.010620 -0.004271
-0.450735 -0.286368 0.931913 0.009072 0.005956 0.020309
0.005859 0.034054 0.226551 -0.006140 -0.002012 0.008344
0.258153 -0.458362 0.087356 0.022805 -0.008715 0.022070
0.585358 -1.154417 -0.137533 -0.002220 -0.006231 0.013447
0.373942 0.634941 0.680235 -0.004680 0.008556 0.011874
2.642964 1.891310 3.641712 0.002660 -0.001812 -0.000323
-0.470413 0.165585 0.520962 -0.014779 0.015935 -0.007883
0.071612 -0.209114 0.254330 0.022560 0.005185 0.001547
0.730768 0.515669 0.648439 0.014108 0.000882 0.007544
1.062329 -0.313694 0.180767 0.010620 -0.017598 0.001567
-0.741893 -0.329062 0.108088 -0.012513 -0.010732 0.029050
0.490835 -0.638785 -0.841592 -0.013714 -0.003768 -0.008012
-0.149837 -1.025558 0.637645 0.002292 -0.004184 0.015428
0.013846 0.124587 0.360018 -0.012974 0.011450 -0.006512
-0.298644 0.235713 -0.954062 -0.003582 -0.001797 0.018328
-0.341984 0.262335 0.166833 -0.000226 -0.023392 0.018999
-0.236835 -0.163438 0.701194 0.009631 -0.007523 -0.003181
0.771906 0.877862 0.026323 0.010233 -0.021892 -0.012361
-0.916021 -0.061784 0.028468 -0.009031 -0.004811 0.009184
0.149598 -0.210655 0.341209 0.003507 0.008244 -0.017278
-0.564993 -0.174138 -0.851808 0.003550 -0.012346 -0.004283
0.049057 0.283898 -1.473011 -0.001666 -0.009125 0.008249
0.331203 -0.082861 0.077553 -0.008670 -0.010109 -0.013140
0.126670 0.551213 0.357971 -0.002274 -0.000355 -0.000561
-0.156269 -0.087901 0.315978 0.012114 -0.007411 -0.009129
0.489835 -0.544706 0.087757 -0.011898 0.003695 0.005961
0.088375 -0.107830 -0.213446 -0.007509 -0.034718 0.016760
-0.006014 -0.017444 1.371771 -0.001137 0.011730 0.007406
0.849275 -0.506308 -0.561013 0.012608 0.009097 0.016578
-0.668267 -0.266395 -0.014058 0.010860 -0.012814 0.026874
0.181955 0.226676 -0.363283 0.001007 -0.020619 0.005974
0.285497 0.333778 0.649653 -0.002511 0.000577 -0.004183
-1.441804 -2.234195 0.179671 -0.013405 -0.005189 0.006900
0.090210 -0.222586 0.047804 0.005168 0.017532 0.014843
-0.342713 0.999069 0.086071 0.003142 -0.001234 0.017193
1.281255 0.934435 0.581375 0.020862 0.002627 -0.008202
-0.295433 0.005562 0.069138 0.026993 0.023117 0.011117
-0.157679 -0.108228 -0.053404 0.008807 0.011932 -0.002688
-0.286066 0.105104 -0.361234 -0.009220 0.013891 -0.012049
0.052058 0.235962 0.559031 -0.007171 0.005639 -0.019887
-3.878708 -3.922277 -4.094009 -0.003402 0.000733 -0.000350
-0.077569 -0.301830 0.414752 0.001459 -0.015637 0.007920
-0.333032 0.151160 0.037193 0.000655 0.007320 -0.016706
0.314119 -0.020836 0.382629 -0.006251 -0.035641 0.017667
0.087858 -0.121035 0.169800 -0.015515 -0.013996 0.013167
0.809990 -0.710693 -0.704360 -0.005038 0.007081 0.001293
0.166446 0.232119 0.218339 0.028710 0.021686 -0.005664
0.369129 -0.194514 0.462411 0.013973 -0.002218 -0.000581
0.508014 -0.068364 -0.177421 -0.023474 0.009975 -0.026335
-0.036094 0.561164 -0.492298 -0.002821 -0.012025 0.010917
-0.200674 -0.119179 0.612697 0.002878 -0.019175 0.013608
-0.058348 0.104293 0.361855 -0.001362 -0.007578 -0.002357
0.332189 -0.375944 0.309474 -0.009638 -0.006702 0.009688
-1.558306 1.055814 0.478159 -0.005498 -0.009747 -0.008650
-0.370072 0.497583 -0.314660 0.001023 0.000493 -0.007465
0.231632 -0.293301 0.664268 0.007858 -0.009490 -0.008746
0.129665 -0.033039 -1.042036 -0.006887 -0.007175 0.009035
0.075617 -0.581907 0.127989 -0.004232 -0.012776 0.010153
-0.078705 0.148559 -0.076764 0.014418 0.034217 -0.024981
-0.018828 0.125168 -0.015655 -0.000574 -0.025781 0.018430
-0.023712 -0.849348 0.806037 0.006348 0.002626 -0.008630
-0.024495 0.830070 0.015377 -0.006143 0.006784 0.013813
-0.333220 0.478049 0.235005 0.003765 0.014459 -0.011122
-0.630454 0.237830 0.118927 -0.008409 -0.029585 0.001551
0.310792 0.157663 0.362509 -0.003969 -0.005939 0.010813
0.024970 0.117809 -0.488758 0.000828 0.005402 -0.004459
0.216802 0.246500 0.171075 -0.039456 0.009137 -0.001525
0.655818 -1.473380 -0.450025 0.004605 -0.010664 -0.003000
1.234216 0.352079 0.265973 -0.008453 -0.003666 -0.010244
0.101064 0.343602 0.288730 -0.026704 -0.009630 0.023120
0.180077 0.149612 0.037073 0.003596 -0.001841 -0.011329
0.060945 1.565947 -0.281504 -0.001712 -0.003330 0.000793
-0.039741 1.183777 -0.304626 -0.007241 0.012918 0.000052
0.358523 0.149052 1.481689 0.009771 -0.013623 -0.010659
0.704918 -0.015714 0.041905 0.012017 -0.002660 0.015929
0.159189 0.798211 -0.851385 0.012432 0.008359 0.000127
-0.217333 -0.312890 0.107088 0.012016 0.008999 -0.009868
-1.343488 -4.541026 0.278113 -0.003306 0.001579 0.006071
-0.164755 -0.529711 0.658499 0.001165 -0.018018 -0.013103
-0.119206 -0.310699 0.043683 0.017827 -0.016133 -0.003614
0.017359 0.014253 0.290151 0.009730 -0.001333 0.003971
-5.627551 -0.781070 -4.201714 -0.003556 0.000845 -0.004568
0.543658 0.451140 -0.382968 0.007599 0.004626 -0.002697
0.413576 -0.072955 -0.487352 0.021464 0.012368 0.011540
0.535847 0.847865 0.271772 0.011006 0.024526 -0.009089
-0.870645 0.650444 0.149410 0.001551 0.005977 0.000511
0.503152 0.433846 0.096257 -0.001932 0.024497 -0.011680
-0.044540 0.537977 -0.294166 -0.001119 -0.005905 -0.005503
0.154173 0.342692 0.412817 -0.002955 0.002241 -0.007631
0.208424 -0.438556 0.303702 -0.000827 0.004590 0.016704
0.091119 0.072217 -0.100646 -0.011153 0.027729 -0.018530
-0.253521 0.087888 0.327034 0.006012 0.013988 0.007251
-0.306365 0.073663 -0.576010 0.008389 -0.013693 -0.021096
1.628704 1.077015 -0.216101 -0.011302 0.000570 0.000412
0.096448 0.637484 -0.173376 -0.007971 0.010551 0.011803
-0.035612 0.194009 -0.279301 -0.013124 0.019838 -0.008168
0.708115 -0.953846 0.839331 -0.002823 -0.007545 -0.014747
-0.214919 1.777034 0.890309 -0.003808 -0.016351 0.006421
0.104306 -0.096067 -0.803580 0.001055 -0.024510 -0.014532
0.509129 -1.025850 0.683212 0.007360 0.005159 -0.005644
0.227244 0.080770 -0.714529 -0.007104 0.005708 0.001136
-0.212394 0.082773 0.135906 0.038779 0.012332 0.020506
1.901982 0.073248 -1.332676 0.009067 0.000242 -0.009651
-0.479571 -0.145965 -0.415892 -0.022409 -0.000541 -0.006013
-0.583289 0.062509 -0.060572 0.006688 0.008533 -0.002816
0.162554 -0.927492 -0.084061 0.007375 0.004118 0.006755
-0.181259 -0.133075 0.674624 0.003238 0.003083 -0.014147
-0.114254 -0.343039 0.776748 0.004531 0.023744 -0.014644
2.554476 -1.267171 2.113356 0.001374 0.001168 0.007414
-0.035260 0.385002 0.046437 0.045981 -0.006389 0.026387
0.220766 -0.676378 -0.289291 0.023814 -0.006641 0.015861
-0.218298 -0.444236 0.505239 0.013538 -0.006279 -0.006964
-1.587717 0.175045 -0.391896 0.001347 0.009062 -0.004676
-0.034113 0.388846 -0.215340 0.013513 0.006528 -0.010036
0.158102 0.222196 -0.293138 -0.028424 0.033455 -0.003184
0.074886 -1.331472 0.297203 -0.013416 -0.001236 -0.004405
-0.007516 -0.213197 0.372142 0.003460 0.016868 0.001400
-1.011510 -1.486270 -2.559038 -0.001923 0.011555 -0.002120
0.063012 0.232570 -0.447444 -0.022375 -0.003885 0.000059
-0.089185 -0.121995 -0.103595 0.015946 0.003536 -0.002930
-0.358307 0.119703 -0.437105 -0.015806 -0.036197 -0.011331
-1.229086 -1.738559 -2.664430 0.003745 -0.012989 -0.004406
0.486141 -0.227496 0.168741 0.004049 0.016274 0.000341
0.132637 0.487504 2.412278 0.000594 0.004501 0.005503
0.434696 -0.053463 -0.143269 0.000188 -0.008923 -0.003794
-0.008653 2.117347 -1.305214 -0.003995 0.001384 0.002098
-0.339344 0.095392 0.479322 -0.003772 -0.024821 -0.013808
-0.183513 1.412031 0.632282 0.002780 0.002902 -0.010230
-0.284223 -0.164138 0.652341 0.002005 0.008973 -0.000122
-0.563094 0.868845 0.844656 -0.009964 0.017785 0.000932
0.231553 0.473154 0.122993 -0.007256 0.004644 -0.025065
-0.314180 0.199822 0.289127 -0.012203 0.003946 0.020673
-0.061398 0.636246 -0.427348 0.003318 0.025708 -0.014934
-1.640462 -0.777540 -0.132535 -0.018030 -0.007360 -0.010108
-0.930339 -0.049340 0.211164 -0.017150 -0.002965 -0.003184
0.204869 0.382760 -0.355753 -0.008348 -0.010915 -0.003294
-0.517703 0.169380 -0.586659 0.011928 0.014018 0.010889
-0.168336 -0.094005 0.056245 0.012287 0.005795 0.003566
-0.459818 0.013345 -0.524641 0.013941 0.004792 -0.014834
-0.194529 0.665514 -0.164299 0.004138 0.014024 -0.014731
0.494689 -0.244004 0.146634 -0.005198 0.004846 0.020454
-1.134456 -1.205288 -0.133746 0.001781 -0.000031 0.018066
0.483334 0.215891 0.465523 -0.003272 0.018080 -0.004699
-0.079060 0.585545 -0.865461 0.012090 0.013281 0.011039
-0.535084 -0.137224 -0.192500 0.012191 0.006861 0.002137
-0.187172 -0.777952 -0.638798 0.010363 0.000072 -0.000304
0.232782 0.119481 -0.100763 0.041346 -0.009851 0.007453
0.731076 0.177670 1.287898 -0.003969 -0.007631 -0.012476
0.412173 0.198780 0.131086 -0.006235 0.007383 -0.015656
-0.755997 0.334699 -0.150899 0.004333 -0.005762 0.019073
1.239473 1.141184 -0.285776 0.014262 0.014441 -0.009675
0.395064 0.166626 -0.393805 0.007043 -0.031175 -0.003562
0.194706 -0.825937 0.633196 -0.006993 -0.000557 0.015205
-0.735346 -2.764623 0.879375 0.017134 0.002303 0.009889
0.055023 -0.931136 -0.091512 -0.008633 -0.007634 -0.012188
0.294457 0.414980 0.409246 -0.030803 -0.004829 -0.001285
0.012781 -0.247398 0.329709 -0.010332 0.018371 0.005906
0.981206 -0.046649 -0.610030 0.002376 0.023322 -0.005714
0.534846 -0.500807 -0.235638 0.001829 0.005145 0.033267
0.788843 -0.150217 -0.699908 0.008141 0.019800 -0.023419
-1.052565 0.379734 0.524253 0.007482 -0.007017 0.007749
0.082929 0.232412 0.080727 -0.014813 0.004964 -0.003664
-0.205703 -0.034866 0.730157 -0.008414 0.013768 0.015170
0.108995 -0.274650 -0.352755 0.010977 0.013257 -0.013981
0.479851 0.236843 -0.649853 0.000231 -0.006574 0.014900
-1.192028 1.254060 0.412048 0.007752 -0.013592 0.012576
0.579778 0.361149 -0.091121 0.002392 -0.001961 -0.010444
0.313353 -0.216524 0.916309 0.010470 -0.008060 -0.001285
0.148959 0.041747 0.909972 -0.003704 -0.011123 -0.001407
-0.220977 0.101288 -0.655421 -0.001226 0.000566 -0.005905
-0.001411 -0.403460 -0.023676 -0.009370 0.011240 -0.037326
0.636544 -0.125171 0.109050 0.011664 -0.020602 -0.004244
0.135798 -1.216827 -0.879710 0.014191 -0.010389 0.004934
0.934970 -1.138791 -0.253192 -0.001390 -0.000227 0.003485
0.880939 0.058670 0.414475 0.023471 0.014150 0.014929
-0.271698 0.577187 0.065283 0.027358 0.016011 0.014768
9.908719 9.350129 -7.620739 0.001120 0.003567 0.000724
0.577560 -0.240645 -0.553194 0.008099 0.005794 0.006012
0.380070 0.094649 -0.105950 -0.020757 -0.021592 -0.004011
-0.412573 -1.224484 0.340782 0.007379 0.002832 0.001030
-0.491834 -1.756319 -0.242904 0.015881 0.005088 -0.005669
-0.458611 -0.480570 0.337310 0.032603 -0.004055 0.010718
-0.036116 -0.774873 -0.012628 -0.011840 0.018765 0.019731
0.506381 -0.245174 0.187066 0.019525 -0.007000 -0.004086
0.242521 -0.109104 -0.434857 -0.004566 -0.013554 0.017739
0.737703 0.166938 0.455543 -0.008390 0.019218 -0.018619
-0.662683 -0.417449 0.376811 0.001138 -0.007718 -0.008038
0.382012 0.108139 -1.525022 -0.000176 0.008857 -0.002330
0.704061 -0.654551 -0.634222 0.013073 -0.019686 -0.010916
-1.446264 -0.896175 0.218622 0.005726 -0.003851 -0.002032
-0.438603 1.341942 0.980188 0.010755 -0.011085 -0.022287
0.344905 -0.229576 -0.142429 -0.000553 -0.002169 -0.010442
0.233140 0.200777 0.057311 0.011963 -0.003196 -0.028830
0.206834 -0.575624 0.117637 -0.008064 0.022652 0.006156
-0.172422 -0.267284 -0.027330 0.000428 0.007217 -0.026180
-0.117416 0.169339 0.140618 -0.005382 0.004885 -0.011669
0.035134 -1.425809 0.120423 0.004612 -0.001032 -0.005797
-1.079254 0.024076 -1.362986 -0.002454 -0.001223 0.002757
1.238199 1.488241 -0.718387 -0.001649 -0.013590 0.011244
0.277836 0.455646 -0.156426 -0.010672 0.026179 -0.005098
-0.266057 -1.558166 -0.756392 0.003108 -0.002176 -0.017629
-0.229432 0.100776 -0.498228 0.020683 -0.013698 0.011029
-0.269855 0.620003 0.132098 -0.004127 -0.010309 -0.019107
-2.523888 0.352710 -0.866347 0.000884 -0.002174 0.006118
-2.260518 2.741527 -1.523807 -0.001332 0.002513 0.002589
0.374219 0.080323 -0.570815 0.010560 0.000957 -0.007078
0.957000 -0.351517 0.368696 0.010877 -0.004079 0.009389
0.299001 -0.685073 -0.328895 0.007390 -0.007505 -0.011251
-0.602726 0.519589 -0.006795 0.022558 -0.002108 -0.009576
0.121866 0.117304 1.007700 -0.006177 0.005505 -0.001943
-0.746666 -0.382622 0.124934 0.005458 -0.021544 -0.019146
0.500013 0.073856 -0.683584 -0.012794 -0.010290 0.001820
0.193076 0.072803 -0.348799 -0.004463 0.013728 0.016354
0.721891 -0.685788 -0.586006 0.005920 -0.004261 -0.015113
-0.273976 -0.173090 -0.009975 0.012613 -0.018021 -0.000832
0.160580 0.846052 0.100246 -0.007766 -0.010978 -0.006220
-0.126951 0.021271 0.142933 -0.014495 -0.001526 0.015695
-0.100219 0.256183 -0.026529 0.025918 -0.036812 0.006225
1.298637 -1.678427 -1.570446 -0.001014 0.009687 -0.000308
0.149587 0.452483 0.091333 0.028773 0.008666 0.022277
-0.970055 0.115650 2.100840 0.011769 -0.002777 0.003736
-0.014334 -0.127564 -0.654859 0.000169 -0.007591 -0.006429
-0.195102 0.369711 0.411988 -0.003932 0.000033 0.001706
-0.292999 0.466609 -0.790319 -0.007748 0.001012 0.014479
-1.513924 -0.673091 -0.307125 0.000029 0.005037 -0.009902
-0.198249 0.292614 -0.414199 -0.006522 -0.018137 0.028052
1.298032 0.569024 -1.232583 -0.008195 -0.002000 -0.001117
0.102187 -0.204139 0.219077 -0.030388 0.004615 0.005490
-0.898838 0.256845 -0.630551 0.006855 0.005277 0.007018
0.115905 0.113219 0.592922 -0.000201 0.006772 -0.009491
0.028579 -0.461893 -0.288395 -0.014919 -0.006306 -0.001049
-3.796025 -7.078257 -3.722696 -0.002286 0.002437 0.002124
0.047473 -0.029186 0.592593 0.002382 -0.006939 0.017200
-0.087987 -0.432714 0.302598 -0.007127 0.011064 -0.003866
0.059839 0.224124 -1.009675 0.021084 0.005177 0.025670
-0.027670 0.676653 -0.643384 -0.005805 -0.005444 -0.010200
0.515348 -0.511531 -0.030728 -0.022954 0.020163 -0.013337
-1.139198 -0.277004 -0.171858 0.009201 0.004182 0.000976
-0.662810 -0.075142 0.593150 -0.026518 0.018231 0.009686
-3.039090 0.576870 -0.090353 0.002679 0.001310 0.005259
0.611184 0.287593 -0.350346 -0.020282 -0.022830 -0.000987
-8.955147 -12.555942 -0.755176 -0.001242 0.000882 0.004446
-2.884273 0.607007 0.821430 0.009623 0.014759 -0.003353
-0.187254 -0.082038 -0.143913 0.024803 0.002489 -0.000208
0.239145 0.097430 0.204323 -0.001247 -0.013089 0.017834
-0.025156 0.149927 -0.044575 -0.012466 0.001145 -0.010558
-0.317947 -0.247401 -0.544867 -0.001823 0.015304 -0.007475
-0.966696 0.866222 -0.400855 -0.006495 0.008424 -0.003073
-0.334733 0.307915 0.011373 0.000238 -0.005572 -0.001599
-0.326123 0.605900 0.198546 -0.003404 -0.007104 0.013931
0.480365 -0.111788 0.124369 -0.001937 0.025314 -0.007869
-0.656348 -0.157115 0.740689 -0.003811 0.015613 0.016675
-0.375957 -0.550352 0.048036 -0.010588 0.008046 0.005685
1.418117 -1.653079 -0.495395 0.011153 0.006163 -0.002274
-0.219314 0.326585 0.450809 -0.003916 -0.001053 -0.027205
-0.719414 0.011841 -0.504269 0.015323 0.000597 -0.006678
0.071480 -0.563901 -0.028799 -0.006650 -0.009173 0.001306
1.306239 -0.138509 -1.815055 -0.011679 0.006136 0.013411
0.119528 -0.085951 -0.093139 0.009994 -0.051169 0.016852
-0.463884 -0.255448 -0.236661 -0.010167 -0.024185 0.007647
-0.462112 -0.118607 -0.009443 -0.018787 -0.010646 -0.018907
0.442122 1.347062 -1.275712 -0.014078 0.011219 -0.003750
4.082696 -1.088506 3.130946 0.005336 -0.001206 -0.009053
0.333177 -3.307088 1.242738 0.003275 -0.007090 -0.008066
0.456281 -0.063566 0.297260 -0.005289 -0.003554 -0.017902
0.125117 0.189299 -0.531170 0.036866 -0.001696 -0.010137
0.381018 0.049409 -0.108342 0.035881 0.007092 0.022443
-0.233835 -0.217422 0.076227 0.025915 -0.023941 0.021055
-0.142795 -0.012296 0.154547 0.019626 0.001596 0.002123
0.678668 0.376183 0.707422 -0.019592 0.016457 -0.000410
0.699107 0.390012 -1.039673 -0.000964 0.003038 0.008238
-0.226228 0.195199 0.682572 0.001240 -0.017001 0.013221
-0.059370 0.003803 -0.037671 0.002097 0.001008 -0.020692
-3.243194 -0.200641 1.239618 -0.002539 -0.001123 0.000865
-0.210605 0.092674 -0.556020 -0.010980 0.013957 -0.017094
-0.067591 -0.818494 0.397850 -0.003988 0.002819 0.011798
0.082476 0.248741 0.546613 -0.007493 -0.008118 0.012714
0.142156 0.093249 -0.012977 -0.022345 0.012925 0.030625
-0.725763 0.274946 0.017590 -0.007481 -0.017475 0.001730
-0.223475 0.197495 -2.826777 -0.005957 -0.009534 -0.003045
-0.040267 -0.101339 0.298502 0.020677 -0.022460 -0.002026
0.574645 -0.296821 0.762115 -0.025803 0.011058 0.013116
0.973768 0.534694 1.668358 -0.000109 -0.001159 -0.009542
-0.489867 -0.203950 -0.243058 -0.007581 0.014124 0.001542
0.653012 1.854651 -0.613992 0.001755 -0.000366 -0.003018
0.411257 0.142063 -0.415893 -0.004959 0.002405 0.036458
0.013105 0.189676 0.220629 -0.009824 -0.042993 0.015707
0.557268 -0.700874 0.008269 -0.013426 0.004318 -0.006426
1.345531 1.716557 -1.324356 0.002658 -0.012026 -0.004096
-0.292277 -0.599060 -0.294797 -0.005032 -0.028205 0.005210
1.899494 0.903616 -1.850112 -0.002994 -0.005674 0.015058
0.085180 -0.057899 -0.167183 0.023761 -0.000159 0.018037
0.168680 0.347937 0.028591 0.010750 0.018317 -0.024509
0.282863 0.152223 0.396138 -0.001063 -0.023750 -0.007609
-0.292861 -0.030927 0.094449 -0.017375 0.022187 -0.003310
0.421418 0.823845 -0.457935 -0.013631 0.001686 -0.003426
-0.357953 0.803109 -0.079482 -0.023491 -0.003740 0.007249
0.557965 0.624166 0.836421 0.005578 -0.012614 -0.001522
0.815504 0.082355 -1.519508 0.000704 -0.017367 0.018721
-0.481272 -0.315660 0.204747 -0.006946 -0.016306 -0.005520
-0.183698 -0.063624 0.076548 0.026578 0.013187 0.011472
0.702636 -0.303522 0.652606 -0.003986 -0.003712 -0.000133
0.135738 0.008199 0.506799 0.012321 0.008475 -0.003294
0.066749 0.706841 0.728314 -0.012181 -0.008944 0.002946
-0.364523 0.003102 -0.652214 0.010196 0.010371 0.004900
-0.639721 -0.721956 0.209496 -0.008407 0.010825 -0.001602
0.393536 0.102766 0.352776 0.012944 -0.000840 0.031113
-0.185336 -0.228838 -0.384079 0.008691 -0.029859 -0.006421
-0.877071 0.671021 0.017561 -0.006028 -0.001548 -0.006363
0.841331 0.056304 0.374970 -0.019300 -0.019704 -0.004465
0.296758 0.294144 -0.335600 -0.006382 -0.005609 -0.001839
-0.716465 0.443033 0.206251 -0.010172 0.010373 -0.000985
0.387472 0.026463 0.199562 0.011358 0.007802 -0.018702
-3.669305 -1.392043 -4.766801 0.000012 0.004312 -0.003825
-0.019992 0.021406 -0.250261 -0.013941 -0.012225 0.030883
-0.482805 -0.445291 0.032820 0.008209 -0.004324 0.010878
-0.221675 0.716103 -1.075017 -0.003610 0.006696 0.001844
-0.337639 -0.051312 -0.205952 -0.013519 0.004181 0.013358
0.396878 -0.271640 1.279748 -0.003053 0.005207 -0.003853
-1.200956 1.975146 -0.060152 -0.004045 0.003472 0.006234
0.059070 -0.322158 0.319624 0.017315 0.010984 0.012558
0.227797 0.460167 -0.193924 0.016652 -0.024767 0.006908
0.101548 0.994530 -0.079566 -0.003560 -0.013115 0.006517
0.471562 -0.010139 0.070286 -0.004673 -0.013768 -0.012485
0.745176 0.245340 -0.284998 -0.007348 0.008199 0.002272
-0.143990 0.076877 0.847745 -0.003577 0.002912 -0.013067
-0.034827 -0.001376 -0.262658 -0.018469 -0.012795 -0.032487
-0.241130 0.019014 0.075307 0.009402 -0.022606 -0.027969
-0.366520 0.009223 0.077275 0.001233 0.001144 -0.019141
0.661808 1.410966 -0.263043 -0.002047 -0.004636 0.020498
-0.604257 0.242894 0.282040 0.009869 0.014223 -0.001222
-0.287448 -0.851777 -1.027237 -0.000218 0.003730 -0.005657
0.204390 0.125472 0.793652 0.002694 -0.013877 0.012719
-0.603095 -0.997011 -0.500601 0.013311 0.014882 -0.007893
0.002533 0.094591 -0.575744 -0.001555 -0.003135 -0.003959
-0.367804 1.988643 -1.242803 0.009002 0.003736 -0.005404
0.171126 -0.289240 0.006971 -0.010691 -0.008595 0.002528
0.336401 0.029927 0.864852 -0.000429 -0.009725 0.004407
0.487137 0.448205 0.258458 -0.007897 -0.016885 0.007200
0.422615 0.009225 -0.300487 -0.000455 -0.027788 -0.013707
-0.596405 -0.206028 0.171205 -0.010707 0.000446 0.002492
-1.041047 -0.595716 1.156850 0.009878 -0.012389 0.013632
1.316065 -4.289524 0.507605 -0.011972 0.012432 -0.003960
0.643505 0.253359 -0.253720 0.000888 0.020945 -0.015347
0.404933 -1.420879 0.005059 0.000219 0.007390 -0.007783
0.074567 -0.380736 -0.705118 0.015980 -0.000026 -0.011392
1.343186 0.915016 -1.073808 -0.007758 0.016262 0.002906
-0.341470 0.577208 -0.350846 -0.002816 0.003709 -0.007100
0.431233 0.497691 -0.130265 -0.005849 -0.032342 -0.020117
1.483743 -0.747421 0.618993 -0.022123 0.004439 0.003579
-0.136407 0.100135 -0.406712 0.002622 0.002477 -0.006503
0.007950 0.585952 -0.374215 0.007275 0.003819 -0.023827
-0.040037 -0.143035 -0.267495 -0.009142 0.000336 0.041587
0.205806 -0.498821 -0.259969 0.020715 -0.006270 0.010850
0.342103 -0.101803 0.097666 0.008399 -0.007998 0.010651
-1.168095 -0.637615 0.067443 0.022276 -0.012829 -0.007007
-0.376396 -0.441083 0.586530 -0.003097 -0.006744 0.002073
0.459174 0.820730 -0.713187 -0.009795 0.002029 -0.002978
-0.531620 0.134739 0.014545 -0.020446 0.001582 0.008441
1.316893 0.534414 1.052654 0.001890 -0.015801 0.000576
-0.175168 -1.146487 0.080614 -0.001191 0.003619 -0.000883
-0.202127 -0.562266 1.081286 0.004428 0.007214 0.002835
-0.479573 -0.111690 0.338341 0.006507 -0.004686 0.022061
-0.099420 0.250901 -0.268660 0.003323 -0.011837 -0.002598
0.340722 0.475750 0.848805 0.022450 -0.008175 0.007507
-0.350776 -0.103621 0.241490 0.012638 0.007358 -0.004584
0.174532 0.369119 -0.005078 0.011120 -0.009754 0.005832
-2.024262 1.941634 -0.735122 0.005996 -0.003496 -0.006544
-0.379064 -0.432179 0.056575 0.025561 -0.003329 -0.016743
-3.033848 3.119277 -2.486822 -0.002576 -0.004056 -0.004398
0.648695 0.021487 -0.517378 0.011827 -0.010781 -0.006230
-1.265659 -0.761285 0.687685 0.006150 0.012908 0.003645
-1.029135 -0.287206 0.711394 0.009660 -0.010252 0.001977
0.301152 0.323166 -0.208743 -0.005590 0.000173 -0.022447
-0.241132 -0.104501 1.038376 -0.006746 0.008940 -0.009096
0.506875 -0.002127 0.527962 -0.003287 -0.003713 -0.004919
0.144270 0.648233 -1.051289 -0.007133 -0.003045 0.009525
-0.037356 -0.083140 -0.353957 -0.024237 0.012141 -0.000029
-2.375156 -4.281368 3.047489 -0.006409 -0.004825 -0.003128
0.438128 0.622729 0.137356 -0.003879 0.013527 0.021012
-0.960461 0.528294 0.010532 -0.012102 -0.005132 -0.002760
0.464518 -0.178586 -0.072856 0.000642 -0.004379 -0.012048
0.540387 1.135294 -0.088554 0.011248 -0.011047 0.014668
0.347853 0.078474 0.561786 -0.007059 -0.009726 -0.002371
-0.350774 0.760928 0.134765 -0.005468 0.013269 0.012302
-0.420540 0.453197 0.856372 0.002886 0.001282 -0.004647
0.174040 0.165362 0.080943 -0.009882 0.008019 0.017479
0.527486 0.270232 0.303821 -0.005976 0.009830 0.014024
-0.073279 0.245926 0.144925 0.034166 0.039697 0.008943
-0.264601 -0.359244 -0.502328 0.013201 -0.021605 -0.017872
0.023148 0.367209 0.240087 0.011674 -0.039956 -0.000351
0.209720 0.005417 -0.440703 0.026586 0.014016 -0.017926
-0.539205 -0.318837 0.218057 0.026914 0.022355 0.023995
0.074843 -0.410596 0.025937 -0.003593 -0.011662 0.001713
-1.424830 -0.326791 1.839528 0.003449 0.017541 -0.003578
0.509373 0.643038 -0.183568 -0.018389 0.008014 0.003210
0.247803 -0.119310 -0.275461 0.007827 0.017660 -0.023070
0.328606 -0.895697 0.325229 -0.009084 -0.002249 -0.020265
-0.172499 0.109068 0.205355 -0.005811 0.003239 0.006013
0.083746 -0.249597 -0.663415 0.008107 0.005368 0.016034
0.513678 0.098541 -0.040595 0.007531 0.001825 -0.004601
-0.913667 -0.146979 0.023967 0.000193 0.001094 0.013925
0.210944 0.190618 0.602385 0.016980 0.007217 -0.007474
1.053507 -2.480936 1.274877 0.004299 -0.005614 -0.000488
-0.272195 0.182647 0.377467 0.003317 0.004135 0.010831
0.195382 -0.177649 0.625223 -0.014294 0.015730 0.011011
-0.274345 0.746976 0.100740 -0.016282 -0.013487 0.008036
1.153530 0.165096 -0.545292 0.003212 0.000633 0.000956
0.064721 0.115048 0.133304 0.013819 0.008740 -0.006477
0.144012 0.181487 -0.164882 -0.016691 0.011725 0.018893
0.441575 0.070846 -0.101500 0.002545 -0.022415 -0.004463
-0.887300 -0.358543 0.307707 0.017460 0.011597 -0.013862
0.290476 -0.877671 0.416148 0.011336 0.000372 -0.003735
-0.744183 0.029300 -0.123159 -0.000917 0.007145 -0.001388
-0.292861 1.037307 -0.072862 0.006309 -0.012970 0.001400
-0.363063 0.922872 -0.331293 -0.004206 0.003910 0.003434
0.146352 -0.527831 0.139962 -0.021154 0.014593 -0.010326
0.759572 0.445706 -1.103264 -0.000195 0.013583 0.014541
-0.571965 0.601577 -0.817690 -0.016307 -0.000675 0.006625
0.115181 -0.319843 -0.366139 -0.000882 -0.012273 -0.007022
-0.931692 -1.767768 -0.796099 -0.002828 0.005124 0.001189
-0.329544 -0.423633 -0.543862 -0.002124 0.015890 0.023585
0.167392 0.478519 0.305583 -0.025028 0.017076 0.001248
1.724342 -2.067286 2.928033 0.004353 -0.004504 0.001234
1.080382 -0.292494 0.463303 0.004894 0.000518 -0.005791
-0.858268 0.055662 -0.845860 0.015606 -0.009324 -0.007949
0.308077 1.269128 -0.201642 0.011877 0.004991 0.019372
-0.416154 -0.060348 0.061009 0.027596 -0.007752 -0.014039
0.150910 0.076762 -0.556014 -0.005892 0.010857 -0.003389
0.137248 -0.303946 -0.574080 0.032128 0.003674 -0.013593
0.648012 0.357570 0.843732 -0.000731 0.008536 -0.012414
0.382761 0.500572 0.941333 0.000282 0.006977 -0.014195
-0.177574 -0.344424 -0.271873 0.004222 0.006991 0.011771
-0.969511 -0.659949 -1.135100 -0.007039 -0.002591 -0.006793
-0.155361 -0.446527 0.562081 0.019985 0.014628 -0.009104
-0.363138 0.494456 0.174665 -0.009681 0.001731 0.005295
0.159581 -0.145374 -0.147352 0.002715 0.011097 -0.010519
0.325064 0.053104 -0.491349 -0.018350 0.007587 -0.008794
-1.637817 -1.092299 0.571883 0.000968 -0.003327 0.008586
-2.464103 0.256436 -0.314635 -0.008524 -0.001033 0.002147
-0.344559 -0.002712 0.319391 0.013459 -0.032758 0.025460
0.318502 -0.045504 -0.304110 0.014345 0.023599 0.003628
-0.557320 -0.294783 0.166708 0.001872 -0.004975 -0.001470
-0.207619 0.101851 0.058008 0.033946 -0.005063 0.014869
-2.066865 0.240007 2.081105 0.007372 -0.001203 -0.006383
0.283541 -0.082491 0.618051 -0.009760 -0.025624 0.009510
-0.205877 0.000247 -0.079252 -0.051013 0.018234 0.008584
0.629777 -0.147581 0.117272 -0.016472 0.003915 0.012409
0.093779 -0.319091 -0.023296 -0.017432 -0.011900 -0.006412
-0.420496 0.035666 -0.102005 -0.031537 -0.020175 0.006568
-0.316887 0.050504 -0.299484 -0.005483 -0.010691 0.042164
1.222261 0.165917 -1.032930 0.004153 0.000483 0.006465
-0.065038 -0.291281 -0.168194 -0.033255 -0.001437 -0.002102
-0.567534 -0.791943 -0.160979 -0.012756 -0.010932 0.011942
0.039629 -0.375347 -0.252902 -0.035912 -0.019013 -0.009586
0.910059 1.488012 -0.567144 0.011192 0.000803 -0.015858
-0.664419 -0.613355 1.237249 -0.004655 -0.008610 -0.004083
-5.212463 1.303781 -0.627917 0.003319 -0.001248 0.003325
0.340762 0.215027 0.293300 -0.003963 -0.016143 0.000160
0.258873 0.213977 -0.201774 0.010768 0.000572 -0.000689
0.590028 0.448683 0.196342 0.006342 0.002465 0.000085
0.185062 -0.631031 -0.481413 0.015947 -0.013867 0.014694
-0.193159 -0.022867 0.127437 0.003853 -0.026172 0.016019
-0.140859 -0.469505 -0.098441 -0.006170 0.004505 -0.020418
-0.551252 0.031602 0.415047 -0.026304 0.000887 0.002425
0.401024 0.124264 0.189273 0.028451 0.015976 0.009672
1.278374 -2.076768 0.507832 -0.010378 0.004526 -0.001304
1.011200 -0.310396 3.139935 0.008721 0.014293 0.003502
0.475695 0.247019 -0.393105 0.006540 0.000835 -0.001712
-0.048794 -0.195972 0.047805 -0.006278 -0.001068 -0.012533
-0.175021 0.020305 0.005538 0.034215 -0.003160 0.013900
-0.411027 -1.012694 0.063998 0.003200 0.003496 0.000262
0.273221 -0.546380 -0.279277 0.002123 0.005504 0.021969
-0.506351 -0.197616 -0.427189 0.007921 0.006473 -0.011126
-0.912118 0.861293 0.044593 -0.003735 0.010819 -0.011356
-0.540807 0.195215 -0.329970 0.016781 0.011187 0.013703
0.018743 -0.061985 0.100208 -0.004054 0.038497 -0.005609
-0.226091 0.140174 -0.028117 0.001271 0.039521 0.003640
-0.468854 0.340900 0.523937 -0.014267 0.017893 -0.030029
1.123899 -0.137794 -0.074108 -0.008994 -0.017351 -0.009096
0.040324 0.044050 0.093551 -0.012546 -0.017074 -0.010408
0.524849 0.059929 -0.172712 -0.000462 0.004574 -0.000926
0.154858 -0.156678 0.406804 0.004797 -0.035950 0.005804
1.182435 -0.957258 0.452903 0.006033 -0.021605 -0.001155
-0.130953 -0.223771 -0.321514 0.010536 0.040506 0.022146
-1.066668 -0.055049 0.021770 0.008846 -0.015924 0.000177
0.035659 -0.406989 -0.160501 -0.017791 -0.015653 0.022923
0.138202 1.287770 -0.207150 0.015066 -0.013615 -0.002723
0.429693 0.292764 -0.289222 -0.000018 -0.033149 0.023119
-0.071746 -0.082711 0.214700 0.008425 -0.004625 -0.020636
0.772845 1.454309 -1.315431 0.008947 -0.002853 -0.004533
-1.342129 -1.154599 -0.592647 -0.007597 -0.011373 0.000375
-0.182883 0.098268 0.515521 -0.013040 -0.025423 0.043393
-0.064019 -0.747276 -0.472913 -0.003137 -0.004068 -0.005835
-1.502670 0.158326 -0.757586 0.006860 -0.001633 0.001922
0.403216 0.228377 0.199465 -0.011112 0.024639 0.003340
-0.076765 -0.214060 -0.226453 -0.019663 -0.010072 -0.008585
-0.476539 -0.054589 -0.384132 0.004357 0.012633 -0.019134
0.019562 0.216102 -0.110801 -0.014465 -0.055794 -0.008159
-1.960616 0.363182 -0.678817 0.006159 0.001744 0.000914
-0.131439 -0.046791 0.077753 0.013789 0.003053 -0.002756
0.151040 -0.375453 0.189041 0.001348 -0.020955 0.008213
0.126842 -0.235649 1.033541 0.000289 -0.006619 -0.008428
0.669276 0.640780 -0.278788 0.006915 0.001002 0.004833
0.301627 -0.255940 0.297459 0.002400 -0.006640 0.008139
0.435998 -0.765431 -0.728156 0.015917 0.000745 -0.016700
0.377467 1.113037 -1.535214 0.002157 0.005679 -0.006337
0.276609 0.140556 -0.109542 -0.034248 0.002064 -0.021819
0.263583 -1.317303 -1.687256 -0.007709 0.002787 0.005974
0.122855 0.330537 -0.001089 -0.000414 -0.002349 0.004787
-0.519032 -0.328171 0.240115 -0.032513 -0.015540 0.015877
0.978119 0.236227 -0.254608 -0.018087 -0.007814 0.007928
-0.200496 -0.289015 0.052802 0.007177 0.008235 -0.005761
-0.165165 0.398722 -0.385298 0.005129 -0.029056 0.026159
0.173721 -0.464948 0.272281 -0.017678 -0.036771 -0.007444
0.300981 -0.537525 0.280204 -0.009493 -0.017187 -0.014603
-0.265364 0.184889 -0.584033 -0.003430 -0.007844 -0.010265
-1.683926 -0.519786 -0.843477 0.005124 -0.006812 0.013257
-0.070739 -0.397508 -0.202984 -0.007300 -0.004107 0.000553
0.382789 0.373753 0.026761 0.002093 0.007864 -0.034727
-0.009876 -0.350957 -0.784470 0.012537 -0.003558 0.005101
-0.856529 0.635420 0.016628 0.001184 0.010796 0.011577
0.070048 -0.540438 0.337665 -0.015186 -0.019550 -0.029259
0.252993 0.941235 0.437271 0.010442 0.030207 -0.008830
-0.044355 0.033841 0.760740 -0.012780 0.008373 -0.009579
-0.355122 1.101721 0.628499 0.007976 0.010436 -0.014794
4.697925 -0.602410 1.837481 0.001428 -0.004513 -0.009113
0.765455 -0.205579 0.085753 -0.017506 0.009296 -0.001939
-0.770188 0.619787 -1.341251 -0.002757 -0.004619 0.000439
0.155207 0.358347 0.450779 -0.002966 -0.033013 0.002348
-0.440504 -1.768608 0.316051 0.000552 -0.000018 0.000105
-0.183559 0.346506 -0.054369 0.012631 0.026645 -0.018529
0.177309 0.081965 0.164518 -0.022884 0.021959 -0.011087
0.799896 1.984736 0.404150 0.007935 -0.005693 -0.009338
-0.923666 1.467395 -1.281011 0.009116 -0.018296 -0.006698
0.577113 0.111520 0.847191 -0.001544 0.005468 -0.002747
-0.044698 0.068164 0.299925 0.017100 0.009218 -0.008379
-1.035393 0.561889 -0.144432 -0.003719 -0.028128 0.009278
8.185077 -3.686364 -6.363953 0.002640 0.001325 -0.003362
-0.655351 -1.855959 1.526274 -0.004230 -0.005022 -0.000712
-2.397085 -1.306394 0.489893 -0.001607 -0.002068 0.005943
-0.444991 0.446629 0.156554 0.017973 -0.009697 -0.030697
0.799154 0.230666 -0.066456 -0.003123 -0.014382 -0.013305
-0.156768 0.092929 0.108290 -0.005670 -0.014458 0.005937
0.712717 1.446149 0.199485 -0.003604 -0.003315 0.001250
0.551253 0.582342 -0.732737 0.017481 0.006131 0.021385
-0.195601 -0.443812 0.518291 -0.001743 -0.011761 -0.012402
-0.010504 -0.216450 0.154630 -0.029580 -0.019825 0.024879
-0.446874 0.001405 0.012622 -0.036557 -0.008305 -0.012012
0.297981 0.095609 0.052690 0.020604 0.019047 0.014377
-0.098756 -0.122667 0.503109 0.000406 0.020587 -0.028396
0.073496 -0.552720 -2.498147 0.002399 -0.008628 0.000546
-0.984028 -0.034021 0.062641 -0.005226 -0.013823 0.001910
1.630827 0.460805 0.731036 -0.008328 -0.000702 -0.003016
3.024644 -0.567863 -1.300102 -0.001601 -0.001245 0.001426
-7.064699 -2.735378 2.413793 -0.002841 0.001672 -0.005238
-0.267000 0.255493 -0.433953 0.010128 -0.024845 0.006873
0.225894 -0.258165 2.514618 -0.006453 -0.000733 -0.010920
-1.682252 0.444145 2.671559 -0.000172 0.008619 0.005444
0.568435 0.113482 0.442851 0.000569 -0.033567 0.000341
-0.205850 4.165268 -2.620448 0.004039 0.000200 -0.004347
-0.498154 0.356375 0.168896 0.003180 -0.012077 0.019344
0.219282 -0.303075 -0.077707 0.014361 0.005373 0.007787
0.513757 -1.169328 0.529543 -0.014945 -0.003258 0.006424
-0.222238 -0.379741 0.334837 0.010406 -0.016323 0.005245
0.884672 0.783046 -0.437784 -0.016928 0.006450 -0.002050
0.031292 -0.026833 -0.516763 -0.006860 0.021939 0.010936
0.020718 -0.430965 0.480794 0.002334 0.002552 -0.015345
-0.163897 0.022809 -0.139183 0.022985 -0.022323 0.038653
0.085275 0.567679 -0.522145 -0.010535 -0.017015 0.007258
-0.054326 -0.528942 0.234583 -0.012986 0.013320 0.016236
-0.163202 -0.377135 0.111218 0.004522 0.000442 -0.023785
1.363793 0.806758 1.384275 -0.002751 0.010754 -0.010346
0.580107 -0.411432 1.281220 -0.001689 0.002873 -0.008142
-0.538028 -0.186653 0.120245 0.016187 -0.032712 0.004334
-0.350315 0.310846 0.617286 -0.027241 -0.011961 0.014716
-0.670769 0.035970 -0.222347 -0.008075 -0.010367 0.021384
0.102709 0.312911 0.130337 -0.015871 -0.005453 -0.025485
-0.245835 0.324826 -0.026282 0.012293 0.018258 0.018454
0.951256 0.998639 -0.485241 -0.003794 -0.004104 -0.008364
0.682375 0.182847 0.061133 -0.011801 0.007086 -0.011903
-0.441024 -0.686406 0.220195 0.012278 -0.001221 -0.008231
0.208399 0.120535 0.332577 -0.010919 0.012613 -0.004858
-0.198849 0.080882 -0.141356 -0.007659 0.004636 -0.010421
0.145303 0.079632 0.010176 0.002119 -0.008426 0.016318
0.240972 -0.234076 0.265432 -0.006010 0.012500 0.002032
-0.397758 0.137263 0.414401 0.012416 0.007054 -0.004426
-0.094413 -0.782413 0.136582 0.016729 -0.002805 -0.009021
-0.458018 -0.283138 0.035808 0.024941 -0.010120 -0.035936
0.414303 0.328471 0.280002 -0.009283 0.000304 -0.017690
1.301114 -0.637036 0.491770 -0.022504 -0.008733 -0.011992
0.561801 -0.017083 -0.701805 -0.016675 0.002440 -0.002419
