1.182996 0.241964 0.047136 0.088485 -0.083065 0.029165
4.031070 0.616328 2.035343 -0.181851 0.050738 0.131097
-1.815420 3.250746 2.129686 0.080093 0.216195 0.103853
0.290118 -0.007977 -0.215348 -0.119508 -0.514418 -0.072612
2.174489 1.415779 1.414612 0.042548 0.087480 0.029798
0.210286 -0.016448 -0.048054 -0.149429 0.547378 -0.505538
-2.266398 -2.342828 -0.339512 0.016635 -0.404110 0.228578
-0.757401 -0.597335 -0.587258 -0.176134 -0.205916 0.259498
0.199667 -0.067923 0.338272 0.659288 0.143779 0.101658
0.452822 -0.601250 0.637505 0.705542 -0.485490 -0.378736
0.427328 -0.542883 -0.129106 -0.114576 0.153199 0.043311
-0.325812 -0.111305 0.060057 -0.417462 -0.155395 -0.234935
0.005583 0.371291 -0.375436 -0.308921 -0.140007 0.066700
0.408697 -0.685496 -0.056153 -0.696990 -0.035649 -0.328942
-0.510422 -0.162640 0.049709 -0.013908 -0.599723 0.289678
-0.664784 1.778926 -2.434934 -0.164841 -0.062162 -0.478450
0.477357 -0.333034 1.319783 0.131263 -0.023054 0.283011
0.007612 0.327499 0.030491 -0.191018 0.553078 0.101522
-0.180490 -1.142982 1.185062 -0.041656 -0.034530 0.181970
-0.102018 1.095729 -0.494576 -0.540676 0.482633 0.340855
-0.100731 -0.225489 0.566327 0.100282 -0.664639 -0.237334
-0.111864 0.064547 -0.237271 -0.142303 -0.560806 0.369930
-0.529822 -0.574849 -0.326819 -0.266736 0.607295 0.051744
-0.141165 0.104058 -0.275798 0.009631 -0.930599 0.798029
0.458345 -0.145559 -0.384228 -0.591651 0.274251 0.095824
0.529663 -0.423486 -0.291399 -0.035926 -0.258968 0.404173
-0.112390 0.156460 0.302442 0.238133 -0.056890 0.088093
-0.247117 -0.127130 0.632668 -0.837070 0.029248 0.102755
-0.172798 0.026029 -0.140059 0.355124 0.540030 0.017213
-0.057226 0.059992 0.149438 -0.223614 1.168197 -0.362891
-0.228025 -0.260585 0.287596 0.282204 -0.262534 -0.035829
0.001603 0.097492 0.326274 -0.516657 -0.111859 -0.131985
0.208160 0.394073 0.029462 0.214347 0.793441 -0.681311
0.486650 0.055920 0.084827 0.470911 0.393484 -0.055962
-0.863751 0.003237 0.428200 -0.222945 -0.084645 0.314391
-0.932636 0.741877 0.437450 -0.220820 -0.210842 -0.369229
-0.163126 -0.079919 -0.352150 -0.404448 0.721723 0.311739
0.099100 -0.121060 -0.004149 0.514777 -0.137066 1.175469
0.149097 -0.717028 -1.048108 0.006025 -0.262341 -0.113544
0.429007 0.113433 0.279722 0.665058 0.556376 0.044505
-0.160144 -0.279167 0.086537 0.942117 0.502968 -0.301490
0.391252 -0.559572 1.196964 -0.103492 -0.260035 0.063460
0.684037 -0.869734 0.357272 0.778312 -0.077883 0.344128
-0.142610 -0.428629 -0.211068 0.257907 -0.789932 0.824949
-0.410212 0.400908 0.980160 0.033316 0.879433 -0.076633
0.045837 0.107105 -0.503510 -0.621468 0.323916 0.666652
-0.045701 0.151424 0.173709 0.080488 1.127517 -0.061169
0.945584 -0.361265 -0.454580 0.260339 0.100784 -0.224929
0.503373 -0.122427 0.222430 0.091644 0.078134 0.602176
-0.547072 -0.716315 0.111199 0.248338 -0.201697 0.423464
-0.893909 -1.887513 -1.427409 0.058793 0.195003 0.435867
0.278175 0.055410 0.817744 -0.952446 -0.175070 -0.013304
-0.205309 0.034396 0.238478 -0.421448 -1.034234 0.026896
-0.433198 -0.134921 0.227109 -0.346246 -0.058453 0.875411
0.106011 -0.291182 -0.175413 -0.540303 -0.348304 0.371999
0.379088 -0.368129 -0.618079 0.003355 0.328339 -0.536663
-0.521492 -0.861239 0.053243 0.131985 -0.269949 -0.454842
-0.274697 -0.825576 -0.562111 0.119273 0.356423 0.454483
0.309511 -0.283328 -0.351382 0.189138 0.423612 -0.920898
-0.639402 0.047758 0.709580 0.258106 0.255535 -0.261860
-0.039810 0.399644 1.705205 0.423200 -0.622707 -0.224412
1.360029 0.476503 1.685232 -0.052280 -0.083636 -0.362873
0.063748 0.362406 -0.846939 0.178535 0.743977 -0.053042
-0.424624 -0.018431 -0.042466 -0.499170 -0.211066 0.334324
-0.267871 -0.203187 0.503570 0.218593 0.012698 -0.018696
0.143153 -0.432317 -0.529618 -0.530054 0.404482 -0.152426
0.718827 -1.179548 -1.180517 -0.026148 0.111387 -0.040797
-0.144845 0.812115 0.378359 -0.312696 -0.632000 0.118729
-0.000667 0.034621 -0.281240 -0.098138 0.140202 1.006163
0.081613 0.756302 0.269083 0.342036 -0.037257 -0.396919
0.731011 0.685080 1.355373 0.024155 0.617925 -0.056448
0.137110 -1.241498 1.099294 0.208817 -0.368152 -0.445224
-0.048862 -0.349855 -0.104911 0.014856 -0.052735 0.503918
-0.698011 -1.279177 0.194790 -0.225600 0.261098 0.028920
0.524938 0.730405 -0.388683 0.269565 -0.118948 0.621182
-0.280402 -0.031017 0.310903 0.137070 -0.278256 -0.069430
1.218062 -0.277805 0.466200 0.665003 0.298964 -0.332804
-0.398245 0.180665 0.316995 -0.086950 0.810151 0.334877
0.618354 -1.489964 -0.305331 0.485537 0.131041 -0.023204
0.164488 -0.193443 -0.430449 -0.305196 -0.416898 0.220138
0.097112 -0.145036 0.330832 -0.367465 0.242793 0.229390
0.085024 0.643309 0.117669 0.737097 -0.015759 0.168376
0.061305 0.022128 -0.241203 -0.158785 -0.550271 -0.016084
1.965433 0.838440 -0.231893 -0.100101 0.243659 0.020418
-0.511889 -0.465892 -0.669721 -0.136954 0.359431 0.098078
-0.719166 0.138397 -0.798176 0.220744 0.157173 0.077783
0.134544 -0.350826 2.192088 -0.135307 0.206600 0.107741
0.217647 -0.533872 -0.254618 -0.593328 0.317641 0.090470
-0.203099 0.067946 0.177925 0.442460 -0.350686 0.340076
-0.240735 0.313019 0.632343 -0.131459 0.380984 0.162469
-0.869961 -0.752937 1.436667 -0.175758 0.575403 -0.121179
-1.365117 0.041265 0.145250 -0.005581 -0.176490 0.512556
0.656349 0.548699 0.125655 -0.137790 -0.298171 0.289560
0.468960 -0.450249 0.000496 -0.914076 0.223413 0.269748
0.194790 -0.518467 0.295521 0.264164 -0.028862 -0.314954
-0.243780 0.284175 0.064564 0.612183 0.344623 -0.368577
0.941561 0.524865 -0.069141 -0.111548 -0.520768 0.497682
0.153768 -0.656838 0.518650 -0.268042 0.019689 0.334123
0.357146 0.789157 0.672737 0.659439 -0.836730 -0.203052
0.279326 -0.204852 -0.374546 0.383599 -0.179136 0.868313
0.027471 -0.346366 -0.552845 -0.167410 -0.376450 -0.245187
-0.590504 -1.020871 -0.260619 -0.094079 -0.080060 0.268429
0.168581 -0.055211 0.059711 -0.386331 0.106824 1.104129
0.170004 0.812894 0.545573 0.413006 0.245748 0.367184
0.405987 -3.690234 -0.304447 -0.165047 0.143309 -0.184488
0.138663 0.927469 0.624025 0.119443 0.391366 0.066961
-0.157682 0.229105 -0.069446 -0.167587 -0.639949 -0.564957
1.484669 0.364028 -0.072653 0.484041 -0.350928 -0.292553
1.947543 0.377244 -1.526716 -0.433662 -0.224445 -0.115657
0.321154 0.119075 0.468041 0.036659 -0.419889 0.099734
0.938021 -0.381298 -1.185995 0.042748 0.464242 -0.607583
-1.230432 -1.631985 -1.154678 -0.034317 -0.424837 0.113113
0.007291 0.517173 0.048385 0.071013 -0.587509 0.419493
0.281094 0.069684 -0.049225 -0.314609 0.330535 0.064400
1.763215 0.955161 -1.495715 0.241184 -0.399885 -0.399655
0.442746 -0.043307 -0.232164 0.264878 -0.554261 -0.244663
0.150741 -0.248431 0.343387 0.578079 -0.138116 0.180308
-0.153286 2.437892 1.265640 0.270858 -0.077666 -0.237617
-0.363226 -0.567491 -0.123676 -0.243179 -0.021355 -0.089359
-0.894252 -6.124175 -2.362751 -0.041449 0.099084 0.044767
1.341913 -0.238089 -0.520484 0.069453 0.381468 -0.278984
-0.182430 -0.948133 -0.993403 0.075662 0.185848 0.105214
-0.699145 0.098008 -2.917563 0.010734 -0.085722 0.147443
-1.368558 1.178683 -0.253898 -0.283679 -0.254183 0.082660
0.445378 -0.641224 1.390207 -0.152499 -0.279944 0.001070
-0.328539 0.082619 -1.202650 -0.052423 0.546357 0.344649
0.759929 0.587658 0.743468 -0.004245 0.095354 0.523759
-4.126973 -1.409028 -4.157678 -0.027754 -0.268134 0.038307
0.263670 -0.164344 0.114558 0.237605 -0.032983 -0.404004
-0.194240 0.255659 -0.127317 -0.406056 1.314007 -0.035745
-0.410519 0.646922 1.053169 0.350971 -0.224002 -0.059892
0.043943 0.424023 0.253880 1.028365 0.249616 -0.600102
-0.272106 0.262778 0.867296 -0.413539 -0.128642 -0.018673
-0.117469 -0.040123 0.123479 0.288990 0.110933 0.458474
-0.112070 -0.756314 0.169096 -0.054814 0.453264 0.150848
2.344264 0.123312 2.113650 0.222413 -0.373333 0.326426
0.293277 0.868565 -0.163987 -0.190965 -0.396525 -0.335108
0.479163 0.947359 -0.427482 0.054705 0.746701 -0.129179
-0.359950 -0.337174 0.086471 0.565372 0.573521 -0.739534
-0.334633 0.050466 -0.161766 0.565212 -0.711525 0.476828
-0.171204 -0.194978 0.066324 0.037906 -0.054031 0.653038
0.454757 0.980148 -0.145699 0.270497 -0.217388 0.110612
0.047690 0.238214 0.396633 -0.507409 -0.802379 -0.144938
-0.921191 0.210410 -0.474148 0.368628 0.207741 -0.432667
3.185229 2.918078 -3.496706 -0.031068 -0.069215 0.121461
-1.085036 1.547142 -0.969710 0.038228 0.190196 -0.337302
0.369724 -0.459545 -0.123397 -0.079712 -0.171096 0.024217
-1.777230 -2.405126 -1.493936 -0.144747 0.326655 0.072719
0.026445 -0.204775 0.900047 -0.687681 0.168579 -0.528681
-0.110920 0.098083 -0.113839 -0.853535 0.122843 -0.144530
-0.365130 -3.073883 1.070999 0.290395 0.159036 0.047099
0.801485 -0.535569 0.309413 0.013920 0.037940 0.126167
-0.682749 -0.386009 -0.461036 -0.439026 0.433560 0.351750
-1.665908 -1.719639 1.120160 -0.134746 0.097465 0.373127
0.369622 -0.508936 -0.002170 0.610609 -0.578673 -0.312864
0.617908 0.723639 -0.127343 0.139216 0.708466 -0.076638
0.403994 -0.453868 0.182692 -0.194391 -0.175791 -0.129135
0.980827 -0.760047 -0.154970 0.005672 -0.039149 0.013958
-0.087720 0.988015 -0.159155 0.180850 -0.190644 0.339831
0.634849 0.283499 0.111824 -0.009310 0.056859 0.122222
-0.132834 -0.264265 0.028621 -0.771194 0.107090 0.173068
-0.616712 0.336056 7.809215 0.062747 -0.265591 0.106126
-0.220079 0.044812 0.281381 0.019247 -0.529584 0.086359
-0.297898 0.177629 -0.813701 -0.583956 0.195164 -0.268761
-0.889366 2.050633 -1.591970 -0.081726 -0.006861 0.126452
-0.245458 0.315277 -0.805944 -0.267305 0.315652 0.738536
-1.217961 1.542590 0.708332 0.167987 -0.237465 -0.330668
-0.435552 -0.124407 0.841311 0.087358 0.862196 -0.231945
-0.179398 -0.198645 0.343917 0.572018 -0.843889 -0.369792
1.316491 -0.544265 0.642258 0.012135 -0.061218 0.187796
-0.176893 0.447769 -2.345369 0.102183 0.244864 -0.175890
0.070682 0.043538 0.034375 -0.316991 -0.621912 0.044885
0.086037 -0.001750 0.023362 -0.644428 0.500563 -1.180157
-0.121395 -0.196638 0.105047 1.197790 0.444645 0.337851
-1.545153 1.313167 -1.603758 -0.181762 0.209777 -0.408144
-0.191229 0.004150 0.638158 0.659443 0.050536 0.087755
1.009127 -1.195111 -0.141732 0.195731 -0.101282 -0.042323
-0.494597 0.132328 0.026489 -0.200326 -0.830768 -0.027505
-0.857749 0.242736 0.240698 0.072937 0.230947 0.188563
-2.181494 1.418141 1.467030 0.184311 0.220212 0.093030
-0.413683 -0.966438 -0.078917 0.590434 0.175960 0.042363
-0.298218 0.162857 1.018957 0.331960 0.433251 -0.004354
-0.107017 -0.244893 0.043908 0.826112 -0.365094 0.570330
-1.163453 0.309038 0.314792 -0.099566 0.056498 0.408743
0.359088 0.241814 -1.306587 -0.136797 0.017817 -0.234226
-1.474351 -1.262470 -0.960925 -0.017640 -0.444430 -0.335516
0.256155 -1.275036 -0.013390 -0.026805 -1.002357 0.000359
0.086582 0.145829 0.193862 -0.334886 -0.408985 0.445558
0.274348 0.822929 -0.591444 0.317333 0.785246 -0.184558
1.500300 0.702079 0.075092 -0.195154 -0.144072 -0.346296
0.517104 -0.219726 0.410591 -0.682808 0.476842 -0.160808
1.568175 0.920588 1.048512 -0.307526 0.051258 -0.290554
-0.265993 0.104286 -0.901410 0.517166 0.359504 -0.518981
-0.140535 -0.217512 0.289600 0.839381 -0.859700 0.401255
-0.408937 -0.784920 -0.287632 -0.399022 0.138165 -0.214143
-0.316832 0.083355 0.009598 -1.048611 -0.471743 -0.139004
-1.440379 -2.767984 -0.818195 -0.163917 -0.204046 -0.008186
0.108673 -0.417507 -0.543431 -0.079324 0.310645 0.169402
-0.228126 -0.097177 -0.238609 -0.725033 0.349096 0.401809
-1.473897 0.132268 3.430534 -0.160737 -0.253047 -0.416971
-0.100439 0.984992 -0.053891 -0.590200 -0.120430 -0.589893
-0.019436 0.088357 0.189306 0.202073 1.197925 0.760921
-0.182460 -0.553804 0.484619 -0.637712 0.033610 0.373597
0.243411 0.289986 -0.002402 0.738307 -0.161515 0.483317
-0.465294 -0.209795 0.092049 -0.031308 0.489573 -0.161084
0.111242 0.353825 -0.031839 0.671216 -0.981707 -0.382554
-0.179164 -0.332558 0.173384 0.712441 -0.064401 -0.561178
-1.234422 -0.518792 0.186842 -0.179268 0.359398 0.261207
0.149865 -0.303917 0.576732 -0.190232 0.338010 -0.289813
-1.012739 1.340630 -0.808297 -0.331690 0.142688 -0.023886
1.983999 2.719377 -0.754359 -0.030571 -0.160825 0.079711
-1.162351 -0.043680 -0.349921 0.410764 0.285204 0.048328
2.616290 -0.019685 4.024800 0.142492 -0.146338 -0.311201
-0.405713 0.020831 0.158399 -0.117777 -0.118903 0.822332
-0.022130 -1.418240 -0.088957 0.461049 0.406701 0.112010
1.067519 -3.879671 2.818762 0.303641 -0.151337 0.264424
-1.303894 -0.571154 -0.209379 -0.072440 0.320893 0.352459
-0.011174 -0.062649 -0.511780 -0.607586 -0.651622 0.149041
-0.021883 0.085130 0.341231 0.145030 -0.678163 -0.426503
0.017014 -0.618342 0.373372 0.127950 -0.038226 0.724405
1.685805 0.444734 -0.186852 0.064851 -0.032841 -0.150495
0.409655 -0.542266 0.794720 0.274555 0.775723 0.039973
-0.446593 0.392126 0.105484 -0.032118 -0.815678 0.014481
0.418951 0.709559 -0.883991 0.140100 -0.202224 0.117491
0.294970 0.335932 1.032287 0.235857 0.199065 0.512662
-0.036380 1.321126 -0.956608 0.406844 0.084979 0.012914
0.017102 1.257195 0.187213 0.216222 0.555768 0.170269
-1.200963 -1.908503 -1.564527 0.195947 -0.401039 0.319363
0.077314 0.232612 0.384407 0.347379 -0.527324 0.679610
-0.415022 0.185804 -0.308434 -0.078932 -0.177787 0.880161
-0.188052 0.203223 0.268431 -0.448198 -0.310995 -0.834265
0.826977 -0.202303 0.244267 -0.067037 0.294603 -0.668058
-0.331139 0.720299 0.033480 0.156041 -0.125734 0.493490
0.027599 -3.548802 2.460493 0.052206 -0.063042 -0.002496
-0.064530 0.276886 -0.314453 -0.304953 0.116505 -0.222983
0.103287 0.394217 0.007094 -0.044501 0.947782 -0.220624
0.836258 0.115866 0.643446 -0.049617 0.035295 -0.763864
-0.222816 -0.146632 -0.104237 0.090806 0.006960 -0.713369
-0.469676 -0.130560 -0.275319 -0.031534 0.088550 0.653381
0.028752 -0.084659 -0.132896 0.181691 0.327444 -0.345336
-0.336186 -0.698905 -0.134926 -0.062655 -0.368889 -0.562405
-0.486601 -0.099713 0.155452 0.999425 0.085192 0.181920
0.690950 0.048769 0.261511 -0.496901 -0.461532 -0.812312
-0.066487 0.003034 0.791325 -0.008087 0.132131 0.384197
0.298857 0.454412 -0.299650 -0.614034 0.118149 -0.096795
-0.174735 -0.444451 1.154241 -0.520785 0.343012 -0.094238
-0.029444 0.633398 -0.148411 0.093700 -0.378095 -0.057496
-0.279962 -2.703271 2.515043 0.076679 -0.030453 0.168110
-0.153100 -0.209928 0.244369 0.541927 0.578591 -1.051556
0.358509 0.334735 0.989314 -0.877542 0.058091 -0.253862
2.161449 -0.813870 1.332745 0.381491 0.262037 0.233189
0.059648 0.091289 -0.435149 0.210125 0.172096 0.135682
0.333943 0.705847 0.697938 -0.557060 0.589743 -0.059197
0.005952 -0.517354 -0.228967 -0.270081 0.317889 0.060365
1.482047 -0.504327 -2.238511 -0.259223 -0.171042 -0.363760
-0.243658 0.161348 0.041974 0.147770 -0.853242 -0.719328
0.255321 0.113374 0.040416 -0.092507 0.461525 -0.779147
0.913126 -1.020619 0.329332 -0.061746 -0.295095 -0.065347
1.334957 0.808078 0.850111 -0.183354 0.473898 0.186551
-0.053703 -0.506485 -0.342408 0.110333 1.240935 0.112214
0.162643 -0.104755 0.122157 -0.171997 -0.205515 0.557334
1.777312 -0.124259 -1.519056 -0.357071 0.117448 0.366207
-0.255340 -0.631595 -0.184172 -0.067953 0.360964 -0.369504
-0.300123 0.458707 -0.625899 -0.320816 0.055235 -0.068804
-0.163474 0.264145 0.741978 0.001461 0.389662 0.429412
-4.300026 8.517560 -10.483113 0.158689 -0.001003 0.004835
-0.239562 0.174282 -0.314802 0.702752 -0.197179 0.160745
-0.031738 0.311626 -0.577801 0.543527 -0.749790 0.118949
-0.293230 0.210828 0.012734 0.438705 0.376967 -0.751157
0.026232 -0.093972 -0.000948 0.175409 0.165207 0.231963
-0.469279 -0.277469 0.017172 -0.495412 -0.032036 -0.178602
-0.508238 0.494237 -1.525843 0.174896 -0.486605 0.415632
0.183490 0.353672 -0.019403 -0.077444 -0.052379 0.844530
0.321738 0.050833 -0.217524 -0.546318 0.083636 -0.656502
0.496528 -0.454758 0.473845 -0.435268 -0.183369 -0.333642
0.299032 0.408790 -0.150255 0.096040 -0.261232 0.903134
-0.282670 -0.308986 -0.497642 0.007574 -0.378660 0.117200
-0.535121 -0.246701 0.829277 0.195085 0.233444 -0.930295
0.581017 0.443679 0.285065 -0.366570 0.071747 0.472516
0.495188 0.047907 -0.062991 0.471200 0.242728 -0.015125
-0.453977 -0.519256 0.179916 -0.308889 -0.267603 0.235362
0.424815 0.040708 -0.221897 0.759038 -0.155605 -0.294206
-0.214173 -0.112910 -0.219524 -0.042001 0.492981 0.483903
-0.074651 0.468582 -0.031294 -0.387147 -0.156491 0.469791
0.335315 0.191650 -0.890798 0.158406 -0.222041 -0.008305
0.592046 0.061546 -0.870737 0.333620 0.316331 0.055920
-0.135418 -0.553586 -0.140158 0.156404 0.600240 -0.745260
0.108006 0.529881 0.385545 -0.290947 0.516869 -0.148645
0.187589 0.077295 -0.248304 0.194801 -0.122348 -0.401250
-0.461425 1.578092 0.999267 0.469916 -0.119817 0.279039
0.139904 -0.146989 -0.342333 -0.041676 -0.013444 0.713083
0.112110 -0.178770 0.325878 -1.020657 -0.317242 0.294553
0.293622 0.677364 -0.417726 0.164884 -0.512091 -0.341834
0.033827 -0.162628 -0.427543 -0.322918 -0.221107 -0.813041
1.570899 -0.080641 -0.084353 -0.182590 0.250398 0.410234
0.403864 0.026069 0.299058 0.165778 -0.612760 -0.422279
-0.135705 -0.107056 0.484595 -0.592981 -0.157211 -0.926130
-0.159233 -0.596240 0.361189 0.489370 0.323293 0.320157
0.066758 0.211466 -0.108931 -0.318528 0.263270 -0.638142
-0.525369 0.021379 -0.033250 -0.451989 0.627293 0.789611
0.143317 0.391611 0.526788 0.436465 0.388073 -0.012450
-0.251618 -0.196857 -0.205276 0.717713 0.608835 0.393025
0.363778 0.392067 0.036425 0.412194 -0.540493 0.423576
-0.450918 -0.778449 0.003249 -0.336353 -0.378854 -0.202930
-0.149516 -0.130700 0.083528 0.921212 -0.229015 -0.226898
-0.308236 0.551402 -0.031625 -0.186232 0.284986 0.362645
-0.161625 0.230146 -0.240802 -0.101582 -0.800367 -0.782903
0.071240 0.026055 0.082645 0.684711 -0.322238 0.210622
-0.329269 -0.446629 -0.155258 -0.149561 0.304542 0.179193
-0.945032 -1.693192 -0.787717 0.098910 0.052227 0.506162
-0.337061 0.644464 -0.210961 0.706635 -0.635772 -0.018325
-1.225794 -0.446767 1.224434 -0.588552 -0.442715 -0.273270
0.312567 0.577651 -0.258326 0.055387 -0.342540 -0.312359
0.124488 -0.021905 0.193158 -0.815152 -0.025803 0.823548
-0.027361 0.065805 0.467995 0.008528 0.327852 0.827246
-0.413945 -0.669823 -0.246278 -0.450370 -0.678144 -0.122065
0.281590 0.056518 0.587413 -0.431010 -0.406326 0.027915
-0.536859 0.199166 0.351100 -0.174267 -0.077569 -0.233390
-0.749072 -0.861544 0.609778 -0.063544 0.267306 0.065602
-0.760235 -0.459789 0.225034 0.677391 -0.116414 -0.120998
-0.829145 0.369545 -0.270427 0.151591 -0.313690 -0.296362
0.949874 -0.543032 -0.473127 0.510800 -0.065976 -0.189118
1.156585 -0.435767 -1.050576 0.321093 0.126464 0.249309
-1.394098 -0.720461 -0.629971 -0.381515 0.093554 -0.275626
0.410972 1.693977 -0.060325 0.549495 0.104155 0.259837
-0.827652 -0.170762 -0.848778 -0.161961 -0.620417 0.449186
0.362106 0.173598 -0.996309 0.673822 -0.104439 -0.135787
0.271566 -0.053359 0.405835 -0.357074 -0.151384 -0.316669
-3.017796 -0.289476 2.976461 -0.026817 0.069602 0.084257
0.199944 -0.472960 -0.371846 -0.837147 -0.070564 0.022466
0.245352 -0.132282 -0.223119 0.253893 0.350300 1.049045
0.888264 -0.002241 -0.577723 -0.107910 -0.042951 -0.341531
-0.188172 -0.188253 -0.231675 -0.519073 -0.763078 -0.394349
0.144500 0.043372 -0.498051 -0.044280 -0.659355 -0.108118
-0.305198 -0.316849 0.191975 0.412350 0.021366 -0.280940
-0.269600 -0.253161 0.151459 -0.149976 0.097654 0.467752
-1.027234 -0.005966 0.296953 0.414536 0.003512 -0.046971
0.033615 0.670580 0.083791 0.022800 -0.441382 0.103843
0.369458 -0.803458 -0.680138 -0.126901 -0.377369 0.649599
-2.826481 1.868208 -0.576465 -0.431672 -0.052715 -0.128840
-0.366020 -0.471718 0.086258 -0.007409 0.520808 0.487158
0.543756 0.205360 -1.331722 0.302314 0.026437 -0.166324
-0.157591 0.069028 0.094335 -0.353143 -0.351946 1.061868
0.547930 0.011706 -0.169265 -0.211322 -1.013825 -0.505062
1.094198 1.270079 1.278992 -0.121898 0.129645 -0.423004
-0.343932 2.311743 0.457460 0.328499 0.306542 0.182729
-2.162951 1.507809 0.235125 -0.043979 0.071785 0.051184
1.883302 -1.635002 0.749166 -0.110500 0.044454 0.300641
-0.809788 -0.852941 0.159539 0.338334 -0.457398 -0.645141
-0.676903 0.992467 -0.946765 0.421802 0.047210 -0.461558
-0.706474 -0.402797 0.180636 0.388745 -0.097117 -0.578790
-0.387806 0.032648 0.103421 -0.446991 -0.788017 0.415439
-0.380543 -0.098722 -0.135097 -0.089122 0.423828 -0.916894
-0.882979 0.223532 0.280511 -0.044054 0.657466 -0.678362
0.088110 -0.090863 -0.612989 0.230588 -0.290055 0.066609
-0.204644 0.365029 0.313793 0.325336 -0.344568 0.604297
-0.600292 -0.629225 -0.223268 -0.734252 -0.106212 -0.463017
0.096525 -0.408751 -0.152785 -1.137224 -0.958807 -0.059457
2.595687 -2.708489 -1.246236 -0.315709 -0.194346 -0.244936
0.128213 0.206935 -0.253880 -0.001210 -0.339542 -0.042107
2.213816 -0.425016 -1.071220 -0.014702 -0.108264 -0.277447
-0.210185 1.147877 0.401185 -0.189424 -0.287599 0.307496
-0.159234 -0.266371 0.217333 -1.018576 0.031838 -0.354904
0.638119 -0.026924 -0.388691 -0.098626 0.594518 0.265001
-0.138804 -0.114894 -0.132983 0.426412 0.160940 0.465638
-0.012521 -0.017066 0.147047 1.222380 0.899337 -0.242126
1.249469 -0.444394 -0.744926 0.227731 -0.048297 0.198078
1.722447 -1.296108 -0.172816 -0.310088 -0.015275 -0.057191
0.086577 0.029383 -0.282828 -0.202586 0.412966 -0.018757
-0.741053 0.416003 -0.122835 -0.035056 0.682643 -0.138404
-0.104629 -0.469637 -0.344212 -0.879999 0.384949 -0.445094
0.894348 0.143633 0.453833 -0.314698 0.062680 -0.568272
-0.327350 0.066158 0.144177 -0.098644 0.566170 -0.965363
0.044479 -0.083271 -0.388723 0.324858 -0.391789 -0.610772
-0.862448 -0.341055 0.036726 0.387518 -0.623903 -0.211891
-0.069057 -0.186254 0.593035 -0.247531 0.047714 0.406316
0.327320 -1.180577 1.138228 -0.485850 -0.319173 -0.098981
-0.154466 0.270230 -0.408678 0.852457 0.312800 -0.002496
0.153514 0.615830 0.181808 0.069529 -0.507547 -0.302034
0.236192 -0.204711 0.239685 0.332384 0.111997 -0.962382
0.175623 0.035222 -0.270631 0.364133 0.213371 -0.298162
-0.296533 0.314582 0.038588 0.033515 0.641667 0.194744
0.682972 -1.557313 -1.252133 0.009614 0.343023 0.094103
-0.480672 0.434131 0.073155 -0.335332 0.178176 0.344538
-0.140250 -0.147450 -0.178103 -0.206332 0.330980 -0.008772
-0.506275 1.147119 0.500496 0.147325 0.042082 -0.199235
0.213287 -0.266326 -0.135068 -0.316140 -0.016797 -0.769315
-0.001859 -0.208794 -0.654076 -0.235722 0.203610 -0.626310
-0.000161 0.189543 -1.280852 0.114518 -0.287056 -0.114610
0.224491 0.157968 0.008316 -0.025576 0.169507 0.037631
-0.325457 -0.742996 -0.047607 -0.106019 -0.478343 0.097178
-0.316652 0.615191 0.213937 0.050618 -0.158971 -0.380435
-0.332918 0.236247 0.564086 -0.604846 0.512682 -0.015899
0.963312 1.961656 0.114682 -0.248657 0.180134 0.151466
0.185806 -0.526967 -0.209125 0.199711 -0.583990 -0.266199
0.187509 -0.170134 0.140337 -0.210198 -0.300171 0.178009
2.055139 -2.119964 0.284712 0.014115 -0.200706 0.082974
-0.619947 1.023646 -0.692979 0.091304 0.466261 -0.511264
-0.379327 -0.127683 -0.023290 -0.025851 0.431993 0.620603
-0.421072 1.302391 -0.369642 0.056327 0.243599 0.286343
0.173624 -0.431648 0.457187 0.386172 -0.190451 -0.070920
0.513612 0.307535 0.294747 -0.603121 0.196727 0.083068
-1.457520 -0.182669 -0.036366 0.235098 -0.467148 -0.136074
-0.126960 0.162786 0.025160 0.169213 0.669494 -0.260580
0.771137 0.211761 0.049813 -0.535255 -0.072131 -0.081203
-0.245806 0.774871 0.088630 0.120376 -0.105870 0.472680
0.185341 0.391166 0.179901 0.299259 0.918644 0.005687
-0.700267 0.032699 0.220479 -0.736581 -0.408549 -0.477300
0.173328 0.930880 -1.172467 0.134007 -0.347384 0.100751
-0.060153 0.029190 -0.085729 0.222966 -0.679189 0.409595
0.158142 -0.473642 -0.845045 -0.233507 -0.052706 -0.631646
1.175956 -0.064616 -1.598652 -0.156744 -0.500025 -0.208305
-0.099025 -0.293200 0.005830 0.834273 0.269727 -1.245107
0.302471 0.516715 -0.326976 0.547452 -0.114631 -0.187637
-1.367876 -1.289739 0.952329 -0.013764 0.424638 0.071983
-0.171524 -0.103293 -0.079375 -0.426696 0.416509 0.570257
-0.295612 -0.264655 0.032100 -0.334601 0.553934 -0.048274
-0.410475 0.167104 0.276248 -0.186051 -0.115755 0.537709
-0.108679 0.156766 -0.035639 -0.559957 -0.140551 0.599495
0.086169 -0.774713 0.445685 -0.659619 -0.068119 -0.610556
0.562638 -0.458553 1.544858 -0.379223 0.279961 0.021971
0.209501 -0.148408 0.312162 1.104541 0.122006 0.189066
-0.511919 -0.218697 -0.923565 -0.133005 0.267640 -0.457983
-0.014879 0.642123 0.052516 -0.645062 -0.145252 -0.021892
-0.007737 -0.295922 -0.200896 0.036159 -1.340957 0.034652
0.287797 -0.376234 0.392486 0.848718 0.099994 0.290914
-0.258948 0.326661 -0.572760 0.134028 -0.627549 -0.288852
0.763243 5.465695 -8.742226 -0.108360 -0.150269 -0.063106
-0.008656 0.094054 -0.040144 1.108599 -0.453852 -0.709124
0.675615 -0.201894 1.185641 -0.240006 -0.103977 -0.616689
-0.891817 0.301445 4.343881 -0.396801 -0.161540 0.118024
-3.750418 0.169340 1.560999 0.214657 -0.006216 0.174005
-4.946162 11.275990 2.404265 -0.057235 -0.096302 0.108502
-0.427679 0.017165 -0.089574 -0.150164 1.163564 -0.756484
-0.752571 0.437835 0.177137 0.256146 -0.530546 -0.261830
-0.473743 0.585383 1.575539 -0.209477 0.685772 0.321158
0.034608 0.137128 0.758622 0.345971 0.555929 -0.207102
-0.410335 0.656044 1.421492 -0.242225 -0.306679 -0.480582
1.380469 0.316212 -5.131812 -0.367575 -0.101662 0.067978
0.323310 0.588565 -0.491262 0.590688 0.228724 -0.021447
2.606592 2.023338 1.301738 0.169499 0.054831 0.133598
0.235100 0.012181 0.207873 0.431638 -0.952969 -0.515138
0.249877 -0.072072 -0.174960 -0.060543 0.242927 -1.434401
-0.620760 -0.776223 0.145486 -0.474859 0.484696 0.263153
-0.212509 -0.200976 0.143836 1.302735 0.008630 -0.690937
-0.110281 0.111869 -0.934366 0.114918 -0.144589 0.589830
-0.847509 0.270160 0.336873 0.152387 -0.136090 -0.172528
-0.498261 -0.544180 -0.141219 -0.179615 0.411320 -0.248061
0.306696 -0.538204 -0.247882 0.177837 -0.701331 0.109809
0.216589 -1.061620 -0.196155 -0.383856 0.387148 0.185048
0.946777 0.103479 0.805382 0.111286 0.548439 -0.413886
-0.679360 0.209767 -0.585631 -0.871220 0.288814 0.469256
-0.209135 0.302333 0.089876 -0.115318 0.138874 0.418157
0.521767 -0.211790 0.572090 0.221203 -0.158568 0.072198
-0.733173 -0.929938 0.441173 0.526339 0.472602 -0.066662
-0.400509 0.103403 -0.052129 -0.176454 0.072222 -0.534103
-0.362643 -0.172104 -0.308713 0.234461 1.162033 0.513232
0.132657 0.266727 0.358741 0.748041 -0.100530 -0.198610
0.083894 -0.323983 1.029503 -0.042193 -0.261676 -0.576200
0.166955 -0.023460 -0.004159 -0.554972 0.524310 0.147567
0.418824 -0.413036 0.118427 0.010453 0.159885 0.359258
2.432487 1.477596 0.212765 0.352479 -0.005285 0.050080
-0.147409 0.142434 -0.029505 0.675268 0.539022 0.196647
0.681084 -0.269953 0.120106 0.159283 -0.865869 0.142767
0.429298 0.014090 0.220452 0.342166 -0.588254 0.426106
-0.431197 -0.360161 -0.042276 0.166213 -0.292031 0.217406
-1.212128 0.824481 0.759523 0.166067 -0.076306 0.317196
-0.362437 -0.005889 0.062615 -0.315154 0.647759 0.092748
-0.139648 0.219123 0.532238 0.197155 0.411268 -0.674183
-0.250029 0.545479 -0.642427 0.574551 -0.019726 -0.355717
0.508534 -0.426062 0.245666 -0.249544 -0.363644 -0.077996
6.887528 -2.458948 -4.655591 -0.017139 -0.141410 0.178008
-0.973903 -0.076137 -0.765595 -0.590087 -0.401914 -0.026584
0.237589 1.114962 -0.352878 -0.257147 -0.746810 0.264207
0.007287 0.067711 -0.797061 0.194040 0.473641 -0.034819
-0.237486 -0.016227 0.117685 -0.066706 -0.212605 0.324084
-0.510588 0.187076 -0.184575 -0.084732 -0.064053 0.491546
0.359650 -1.701245 1.943680 -0.011719 0.208336 0.075385
0.466840 -0.777429 -1.025092 -0.297780 -0.261781 0.504118
-0.127820 0.645820 0.925750 0.167209 -0.356539 0.622033
0.202213 0.129176 0.563699 -0.834849 0.493127 0.081909
0.201808 -0.075599 -0.297995 -0.852255 -0.549541 0.431202
-0.116833 -0.069364 0.168795 1.175673 0.166782 -0.319105
-0.042917 -0.000356 0.640760 -0.042302 0.446054 0.037406
-0.141072 -0.305394 -0.251996 0.239344 0.527318 0.621210
0.233361 0.027779 -0.303412 0.623600 -0.579127 -0.391723
-0.577594 0.522680 0.416849 -0.513566 -0.312566 0.128581
-0.236891 -0.001918 0.388632 0.361632 -0.634311 0.671428
-0.307184 -0.213406 0.254061 -0.093967 -0.821985 -0.144206
0.804218 0.223780 0.153524 0.297652 -0.562793 -0.144501
1.112882 -0.962517 -0.472803 -0.147390 0.363722 -0.170870
-0.412494 0.726183 0.939010 -0.009652 -0.006525 -0.085704
1.137776 -0.705303 -1.035905 0.621051 0.484203 -0.137685
0.242721 -1.565591 0.403481 -0.091535 0.494766 0.519492
-0.995231 0.121006 0.149864 -0.252798 0.056443 0.336636
0.249868 0.473982 0.280608 -0.728791 0.271147 0.290088
-0.227943 0.225920 0.485816 -0.225605 -0.117725 -0.718057
-0.253197 -0.525920 -0.080044 -0.184008 0.491742 0.464153
0.316368 -0.342490 -0.079372 -0.516290 -0.572274 -0.395942
-0.008056 0.642682 -0.760288 -0.500794 -0.325245 -0.014884
