-0.206467 -0.170967 -0.321881 0.562564 0.611117 -0.660681
-0.282314 -0.623628 0.103981 0.264015 -1.087460 0.067213
1.293593 0.239317 -0.064062 -0.339140 -0.080179 0.343756
-0.263939 1.304430 0.642321 -0.156111 -0.118854 -0.034828
0.112171 -0.660178 -0.703525 -0.192709 -0.485936 -0.076492
-0.600872 3.101459 0.963684 -0.161241 0.181335 -0.118134
0.343585 3.284127 -2.647191 -0.059751 0.046820 0.119708
-0.341431 0.360103 0.030198 0.075543 0.001647 -0.030922
0.539798 0.096606 0.318038 -0.295080 -0.384950 -0.070873
0.648209 0.395898 -0.003555 0.152825 0.053561 0.096239
1.149889 0.564252 -0.557916 0.022011 0.112854 -0.171300
0.033128 -0.274892 0.730806 -0.593417 0.571851 0.483337
0.281655 -0.461162 -0.238394 -0.558862 0.708504 0.012529
0.675019 -0.376268 0.903957 -0.302079 -0.053839 -0.246917
0.761524 -0.607664 -0.665154 0.206978 -0.226142 -0.053978
1.043232 0.773828 -2.117217 0.196767 -0.325409 -0.270172
0.331301 0.100299 0.835472 -0.451500 0.197173 0.955567
0.188470 -0.422629 0.255943 -0.086961 -0.659245 0.614103
0.546802 0.236979 0.259605 -0.073575 -0.175983 -0.135771
0.675042 -0.956177 0.319186 0.137682 0.695740 0.514574
-0.454332 -0.039180 0.001014 0.407775 -0.885034 0.230825
-0.522893 -0.206200 0.000535 0.321904 0.147561 -0.277833
1.052184 -0.223487 0.759175 -0.276714 -0.210225 0.031192
-0.323122 -0.073983 0.557042 -0.850997 0.040661 0.072208
0.041300 0.121633 0.032547 0.196558 0.891115 -0.451923
-0.817863 -0.937879 -0.473655 -0.241499 0.564959 -0.188206
-0.105335 -0.160143 0.603251 0.407607 -0.207737 0.614667
0.046642 2.767945 -1.640827 -0.061637 0.158951 -0.061983
-0.181818 0.078751 0.161406 -0.361736 -0.028874 0.185136
0.660610 -0.011036 0.669912 -0.231297 -0.822954 -0.022107
0.186198 -0.245656 -0.240703 -0.711691 1.174474 -0.178658
0.379145 -0.285572 0.807883 0.016828 0.595427 -0.077927
-0.107968 0.564282 0.322578 -0.913855 0.449993 0.642510
1.343625 0.517442 -0.409305 0.042013 -0.043933 -0.164125
-1.045607 0.918580 -0.383111 0.080332 -0.516863 -0.286600
-0.112645 0.028171 0.724851 -0.396796 -0.006018 -0.158237
1.238111 0.044049 -0.010287 -0.037591 -0.620609 -0.233004
0.395034 -0.410408 0.628224 0.343592 0.309120 -0.388793
0.256185 0.267158 0.218122 -0.634703 0.197108 0.043500
0.853862 -0.219959 0.332712 0.159895 0.617765 0.215821
0.656152 0.373891 0.301516 0.162344 0.076864 -0.148024
-0.228663 1.121472 -0.151037 0.015234 0.043442 -0.083253
-0.125368 -0.365143 -0.282713 -0.358760 0.887107 -0.364058
-0.154722 0.090493 -0.192962 0.666359 -0.225549 -0.369258
-0.129395 -0.092904 -0.613466 -0.504346 -0.240616 0.489670
1.527448 0.451028 0.355020 -0.183069 -0.282993 -0.445985
0.428601 -0.434220 0.328004 0.352065 0.013164 -0.289469
-0.603638 0.144955 -0.067307 -0.004575 0.018154 -0.608633
2.188223 -0.597863 -1.623768 -0.154333 -0.258749 -0.062726
0.058559 -0.513317 -0.015120 0.155698 0.168135 0.025962
1.983457 -0.474424 -0.953386 0.053229 0.112789 -0.291956
-0.174926 0.229167 -0.044739 0.464790 -0.483806 -1.078051
-0.167262 0.723673 1.280954 0.016694 0.175818 -0.175909
0.190465 0.459950 0.454111 0.139088 -0.757969 -0.537928
-3.682528 -2.119684 -2.654506 0.038717 -0.138523 0.072413
-0.137309 -0.002928 0.034161 -0.984214 -0.370404 0.978015
-0.584881 1.290897 0.313942 -0.269308 -0.235719 0.378403
-0.109527 -0.000247 0.551255 -0.037806 -0.078195 -0.087633
-0.087058 0.374418 0.021530 0.480621 -0.238327 -0.151587
0.762722 0.638510 2.139132 -0.087293 -0.222307 -0.150582
0.278147 0.435251 0.606966 -0.349875 -0.680532 -0.142271
-0.185370 -0.504900 0.328263 -0.309019 0.500688 -0.969324
-0.410781 -0.390899 -0.381596 -0.347512 -0.503184 -0.138365
-0.317462 -0.077377 0.794481 -0.078536 -0.323151 -0.001746
0.384598 0.359366 0.928139 -0.071914 -0.090299 0.154783
-0.801393 0.284027 0.090870 -0.305349 -0.049868 0.314478
1.099444 -0.291633 -0.094912 0.201095 0.296097 0.033309
0.368633 0.303343 0.420321 0.360934 0.043114 -0.817851
-0.293179 0.235093 0.298759 -0.430756 -0.048643 0.121681
-1.405976 -0.689380 -2.675017 -0.307200 0.118810 -0.353216
0.117214 -0.578119 0.288931 -0.791212 0.146907 -0.491012
0.442492 0.125990 -0.381202 0.332472 0.942792 0.158794
0.003128 0.471003 0.182819 0.798647 -0.054553 -0.471047
0.352316 0.666755 0.474381 0.583927 -0.129628 -0.033284
-0.546600 -0.276930 0.071624 0.192784 0.206287 -0.838920
0.147984 -0.280924 -0.328771 0.141667 -0.296521 0.762207
-1.735777 -0.956047 -0.430930 0.031052 0.279915 -0.093916
0.348396 0.034192 -0.148522 -0.013778 1.243205 0.394130
1.045609 0.480293 -0.135560 -0.339226 -0.145476 -0.242877
0.254847 -0.490266 0.079669 -0.426305 -0.602772 -0.093300
0.414836 -0.035334 0.161303 -0.223451 0.214242 -0.024050
0.554485 -1.163602 0.451172 0.272548 0.095136 -0.277011
-3.783304 5.601272 2.895886 0.078718 -0.045840 0.222851
0.171104 0.365460 -0.280535 -0.375747 -0.387391 0.000630
-0.074112 -0.690592 0.584936 -0.003768 -0.463416 -0.189527
0.079902 -1.561049 0.000133 -0.347136 -0.226234 0.181542
-2.678714 0.245930 -1.975749 0.223679 0.109086 -0.225155
0.136610 -0.544274 -0.123362 0.819980 0.045771 -0.973350
-1.261359 -2.066538 -1.978296 0.080478 -0.152703 0.046996
1.193773 0.349578 -0.167854 -0.115807 0.081733 -0.442025
-1.063249 0.026682 -0.457499 0.663786 0.085868 0.087290
0.286997 0.247268 0.338614 -0.811130 -0.232688 0.146432
-0.309328 -0.026890 -0.867962 -1.062273 0.094389 -0.462461
-0.032523 0.344287 0.140187 0.836120 -0.055697 0.288892
0.108504 -0.001587 -0.211176 0.024621 0.558489 0.594437
-0.076732 -0.152582 1.177502 -0.638170 0.048999 -0.288121
0.279922 0.185110 -0.179833 -0.613962 -0.335840 0.304923
0.304214 -0.743153 0.318071 0.381193 0.449550 0.283866
-1.584296 -1.119064 -0.281241 -0.450946 -0.094349 0.051298
-0.362237 -0.574896 0.119502 -0.477302 0.026939 -0.109500
-1.734468 -0.163416 -1.752682 0.264999 -0.153118 0.064215
0.847725 -0.611814 0.015965 -0.137803 -0.275836 -0.177976
-0.329007 -0.005596 0.399578 0.364435 -0.523099 -0.368818
0.361405 -0.488822 -0.156383 0.127519 0.551245 0.428540
0.214701 0.476554 -0.225449 -0.052100 0.061207 0.001622
-1.077641 -2.038220 1.298094 -0.172638 -0.062656 0.110974
1.566045 -0.025863 2.259645 -0.088669 -0.020081 0.137647
0.770323 -0.608641 0.498055 -0.136308 0.106334 -0.262931
0.142325 0.138332 0.491435 0.209618 0.233129 0.446871
-0.056343 0.127663 0.116328 0.603246 0.103739 -0.003308
0.437289 -0.156691 -0.174572 0.544136 0.071261 -0.525259
-0.085875 -0.174865 -0.158962 0.274531 -0.566588 -0.220618
-0.300425 0.141632 0.649800 -0.301065 -0.337832 0.041955
0.206743 0.397500 -0.118459 0.084065 -0.225435 0.464784
0.246977 0.436242 0.429389 -0.375605 -0.552349 -0.044539
-0.125232 0.509908 0.444799 0.786354 -0.041225 0.472071
-0.191070 0.292776 -0.937847 -0.266379 -0.699271 0.199606
0.628322 -0.004245 0.196438 -0.359293 0.814986 -0.545202
0.749691 0.669401 0.939987 0.114435 -0.012996 0.540339
0.184814 -0.368301 -0.578313 -0.178881 -0.525522 0.691739
0.879581 -0.852456 0.382814 -0.125590 0.365833 -0.068647
0.738843 -0.194187 -0.271748 -0.258915 -0.305805 0.829347
0.754133 0.500217 2.899581 0.022285 0.286754 -0.129007
-0.939225 0.713029 1.006387 0.185082 -0.077116 0.098720
-0.493104 -0.287144 0.133873 -0.457676 0.478449 0.044746
0.056344 0.249493 -0.134205 -0.664450 0.163596 -0.360591
-1.261221 -0.993815 -0.224745 0.128422 0.203361 -0.013001
-0.132744 -0.409372 -0.834893 0.418033 0.383008 -0.382627
-0.106268 0.476947 0.171908 0.451856 0.236692 -0.369300
0.714223 -0.484286 0.843212 -0.033487 0.399245 -0.353913
-0.691334 -0.544184 -0.008313 0.025657 -0.031566 -0.385810
0.336291 0.371476 -0.825338 -0.569168 0.285155 -0.225044
0.091990 -0.185985 -0.022645 1.428482 -0.458270 -0.766045
-0.140831 0.014231 -0.438679 -0.139163 0.081054 0.327635
0.217033 0.401074 0.575426 0.090814 -0.502202 -0.025048
-0.495284 -0.181127 -0.083140 -0.038438 -0.329377 0.646014
0.394938 0.530254 0.234422 -0.754371 -0.323471 0.093581
-0.046652 -0.338391 -0.745733 0.506317 -0.390651 0.202097
0.283384 -0.608442 -0.120211 -0.662185 -0.108581 0.185399
-0.937191 -0.422626 0.116380 -0.532447 -0.454687 0.280778
0.742762 -0.002363 1.876544 -0.572365 0.439726 -0.277793
1.460228 -0.203581 -0.022230 0.109487 0.062636 0.084367
0.321641 0.070541 0.173953 0.379728 1.248859 -0.267284
-0.494579 -0.238508 0.672624 0.392397 -0.781709 0.259148
0.163681 -0.703674 -0.351298 -0.369347 0.020276 0.131480
0.202842 0.003919 -0.331889 -0.114251 -0.487719 -0.344712
-0.519894 -0.047991 0.063240 0.722744 0.177832 -1.195441
0.258621 -0.072605 -0.132445 -0.031997 0.124485 0.488549
0.232802 -0.336147 -0.334648 0.174844 -0.316645 -0.224747
-0.307800 0.124371 -0.061695 0.438328 0.600227 -0.185485
-0.354917 -0.126633 -0.380593 0.297107 0.149659 -0.285671
0.012458 0.364456 -0.204563 0.002266 -0.052570 0.138633
0.547400 0.421302 0.344626 1.014494 -0.007529 -0.147137
-0.359063 -0.132972 -0.751720 -0.341768 -0.345719 -0.029086
0.261422 0.149491 0.174475 0.385941 0.316326 0.243025
-0.556716 0.799793 0.327569 -0.374645 -0.005247 -0.022351
-0.190710 0.221721 -0.553382 -0.055149 -0.054715 0.770323
-0.123333 -0.080704 0.637739 0.424421 -0.051498 -0.650305
0.223496 0.337974 -0.115857 0.805257 -0.078326 0.379139
-0.266158 0.733473 0.292473 0.649002 0.455883 -0.344736
-0.426526 0.021867 -0.020032 0.804151 0.746552 -0.550622
-1.263190 1.261589 -0.123238 -0.538727 0.062313 0.401208
-0.073473 0.198873 -0.114515 0.362217 0.642810 -0.161302
-0.177679 0.235269 -2.215854 0.186267 0.009312 0.021992
0.066018 0.038432 0.067172 -1.209503 0.363030 -0.060281
-0.717699 -0.376661 0.507509 0.146561 -0.565208 0.020967
0.041129 -0.503927 0.069976 0.268838 -0.243311 1.016781
0.383243 0.036695 -0.048979 -0.190074 0.101044 0.090467
0.181481 -0.687150 0.636437 -0.124824 -0.497002 -0.423732
0.483561 -0.152282 0.100048 0.761435 0.132698 0.409858
-0.643681 0.083106 -0.446546 -0.288889 0.606704 -0.222191
-0.440636 0.255474 -0.116657 -0.549558 0.080318 0.371987
0.965941 0.042099 -0.810742 -0.111781 -0.080434 0.283237
0.280224 -0.216654 0.059112 0.679667 -0.479927 -0.774441
-0.283142 -0.044481 -0.437721 -0.302211 -0.054163 -0.984813
0.268949 0.220672 0.264457 -0.498929 0.105657 -0.414284
0.913656 0.243471 -0.314452 -0.638642 0.087267 0.592229
0.026730 0.321312 0.468248 -0.011880 -0.251079 -0.189594
-0.251407 0.089547 0.135113 0.618297 -0.194123 -0.066338
0.016946 -0.076304 -0.514062 0.055060 -0.468034 -0.528921
-1.336715 -0.238235 0.073929 0.195818 -0.133308 0.476523
-0.449316 0.247914 0.220979 0.108178 -1.014493 0.842404
0.420046 0.086635 -0.443579 0.752500 -0.183794 -0.472307
0.240071 0.009486 -0.127223 0.312183 0.440193 0.519697
1.197276 0.483838 0.112439 0.298547 -0.468908 -0.431421
-0.164971 -0.263678 -0.264878 -0.401311 -0.722910 0.538884
0.283128 -0.246006 0.103860 -0.859801 -0.417761 -0.437370
0.196817 0.403688 -0.471561 0.243361 0.141226 0.341049
0.128581 -0.044358 -0.439882 0.686535 0.454508 0.060887
-0.528771 0.587269 -0.502671 0.235989 -0.218588 0.467333
-0.403330 -0.093819 0.362150 -0.238353 0.271595 -0.126338
-0.241624 -1.118262 0.447683 0.099688 0.027879 0.144584
-0.026702 0.547148 0.604407 0.141068 -0.228848 0.135593
0.324857 -0.584955 -0.594452 0.556765 0.053932 -0.383492
0.782884 -1.186645 -0.739358 0.067703 0.730795 0.409269
-1.579441 -0.090763 0.423382 0.278628 0.066480 -0.116624
0.713090 0.693433 0.465323 0.026353 -0.552988 -0.485136
-0.142460 0.476627 0.372417 -0.094204 -0.322017 0.019628
-0.650730 0.574191 -0.671388 -0.242046 -0.134316 0.078236
-0.166309 -0.208185 0.164989 0.863289 0.956095 -0.276698
-0.222319 -0.215506 -0.027487 0.195975 -0.476384 0.276738
0.260227 -0.486809 0.389736 -0.100786 0.090114 0.472044
0.424878 0.127802 -0.046168 0.058807 -0.691523 -0.380800
0.026833 0.121943 0.146023 0.282074 1.325878 0.417741
-0.031216 -0.350602 0.178095 0.215235 0.084263 -0.376293
0.458774 0.327271 -0.039133 -1.056033 -0.738839 -0.548477
-0.215582 0.732714 -0.138676 0.330378 0.077262 0.151844
-0.276129 -0.707625 0.069579 -0.045548 -0.202424 0.007231
-0.845275 0.650217 1.352541 0.188902 -0.134293 -0.033366
-0.086013 0.120955 0.271186 0.220869 1.274426 0.054852
0.172566 0.476420 0.572564 -1.051260 0.471328 0.444209
2.774495 -0.945750 1.017377 -0.363173 -0.357829 0.164671
0.432385 -2.738182 -3.854355 -0.113332 0.045300 0.056388
-1.086323 -0.083621 0.403885 0.047442 -0.757366 0.442968
0.184100 0.862940 0.494872 0.507361 0.274363 0.027571
0.820239 0.149029 -0.967276 -0.131827 -0.033406 0.008335
0.371303 -0.398802 -0.734586 -0.028803 0.198686 -0.044507
-0.176844 -0.790526 -0.388055 0.064774 -0.064700 -0.131936
0.764562 0.447518 0.416498 -0.016291 -0.290270 0.279386
0.274721 0.121306 -0.215388 -0.287856 0.294164 0.830092
0.850313 -0.012232 -0.144008 0.662526 -0.064132 0.284795
-0.455818 -0.096565 0.214728 -0.143374 0.106039 0.932708
-0.202185 -0.516195 -0.481379 -0.304814 0.817951 0.061599
2.688140 -0.913828 -1.696387 -0.033838 -0.172034 -0.301284
-0.031656 1.014318 -0.417237 0.341257 -0.013368 -0.270225
-0.117686 0.403808 0.390949 0.305581 0.537181 -0.047727
-1.887788 -1.493173 -0.827895 -0.253853 -0.004967 -0.074044
-0.392968 0.083829 -0.642604 -0.316789 0.241852 -0.281954
0.265970 -0.073783 -0.298627 -0.562959 0.390447 0.176878
0.123866 -0.217233 -1.308138 0.308017 0.540175 0.520651
-1.480415 1.159880 -0.126532 -0.055889 0.296887 -0.034952
1.056435 0.032127 2.556203 0.008361 0.001716 0.210443
0.230402 1.095969 -0.051354 0.337451 0.265902 0.577818
-0.123416 0.152812 0.139139 0.523361 1.033256 -0.123667
-0.087728 -0.485000 1.052550 0.393596 0.071164 0.398563
-1.939374 0.399537 -0.292279 0.003632 0.088390 0.123650
-0.126963 -0.480767 0.539034 -0.464899 -0.065857 -0.480960
-1.145586 0.377236 -0.631931 0.180004 0.348587 -0.064676
-0.439360 0.505620 1.879912 -0.035967 -0.047925 -0.430275
-0.355689 -0.453199 0.507912 -0.217972 0.196401 -0.405778
0.010258 -0.116762 0.084200 -1.245015 -0.745854 0.089097
-0.436989 -0.439605 -0.689931 0.665494 -0.091291 0.742358
0.680184 -0.148383 0.866190 -0.369513 -0.026165 -0.245947
-0.092018 -0.789903 -0.402028 -0.417554 0.568990 -0.561657
0.122404 -0.167928 0.124406 -0.508895 -0.696268 0.008081
0.160526 -0.168162 0.043072 0.165593 0.012090 0.270207
-0.411812 0.259690 0.592811 -0.299736 -1.035318 0.837053
-4.753336 -3.152970 3.663895 0.064090 -0.053236 0.329770
-0.067870 0.201970 0.002414 -0.235974 -0.204361 -0.005354
0.006639 -0.408482 0.457567 -0.194284 0.069141 -0.300344
1.053331 1.894705 -0.233204 -0.228350 -0.139696 -0.087524
2.039866 0.490796 -3.034475 0.458711 0.017997 0.183299
0.460723 0.587344 1.139703 -0.162311 -0.211666 0.337767
-0.464123 0.994435 0.787586 0.006220 -0.429679 0.450410
-0.791178 -0.479381 -1.285491 0.109208 -0.545805 -0.130855
-0.185912 -0.435151 -1.347490 -0.598553 -0.346103 -0.063480
0.212675 0.185270 0.369043 0.074265 0.216527 -0.404049
-0.132902 0.184374 0.661518 0.300169 0.170334 0.005717
-0.209666 3.301560 -0.790705 0.218779 0.015946 -0.233381
0.617591 -0.447712 -0.201914 0.459134 0.479282 0.428127
-0.799428 -0.687202 -0.631145 0.427233 0.201299 -0.309601
-0.191421 -0.586740 -0.332164 -0.450193 0.771540 -0.269428
0.701131 -0.122128 -0.260660 -0.119066 -0.810742 -0.193540
-2.753568 -1.017472 1.447773 0.367712 0.170062 -0.228917
-0.049423 0.002736 0.250190 0.459682 -0.999602 0.362681
-0.127891 0.476640 -0.047593 0.242023 -0.342876 0.275885
0.529534 -0.270914 -0.020043 -0.357984 0.267847 0.350226
-0.826167 0.153757 -1.002880 0.560465 -0.174205 -0.108539
0.350961 -1.554879 -1.347166 0.186427 -0.144941 0.064775
-0.464134 0.293574 0.161288 0.594944 -0.150879 -0.196824
0.186387 -0.695461 1.401568 -0.108401 -0.291111 0.157451
-0.073008 0.663791 -0.254697 0.817517 -0.133073 0.691827
-0.303348 -0.857072 1.520010 0.054736 0.117675 -0.157040
0.456191 0.403555 -0.522105 0.468010 0.022202 -0.284034
-0.612969 0.325661 -0.363849 0.318401 0.201333 0.292049
0.325312 -0.230818 -0.003387 0.098313 0.375838 -0.462689
0.228165 0.055134 0.328094 -1.042772 0.416970 -0.168795
0.138981 -0.387467 -0.428935 -0.259335 0.194978 0.029132
0.320769 0.146404 0.057459 0.651778 -0.713614 0.607561
-0.762956 -0.236467 0.602762 0.307500 0.401060 -0.155670
-0.593545 0.686939 -0.436590 -0.266806 -0.860500 -0.093320
-0.123584 -0.074169 0.183055 -0.087451 0.909874 -0.504845
-0.687419 -0.357672 -0.245533 -0.766308 0.464873 -0.000340
2.510852 2.642965 -3.485188 -0.168207 0.053546 0.125022
-0.243013 0.317801 0.122250 0.166977 0.331890 0.369983
-0.328200 0.573773 0.045870 -0.208110 0.123809 0.496227
0.030289 -1.530586 -0.405294 -0.133668 -0.261753 -0.149672
0.031516 0.114832 -0.171129 0.584854 -0.231995 0.601008
-0.073111 -0.024962 0.128878 0.413974 0.853949 0.761045
0.561048 -0.075307 -0.002163 0.177014 0.328901 -0.382167
-0.027803 -0.889913 -0.223820 0.431291 -0.068361 0.826553
0.284989 -0.200379 -0.565618 0.226091 0.530830 0.142074
-0.859343 0.160817 0.288364 -0.699039 -0.008874 -0.634425
-0.164260 0.046331 0.579867 0.164309 0.177866 -0.434827
0.248384 -0.577832 0.233632 -0.046367 -0.523703 0.093572
0.964216 -1.577761 -0.361316 0.079037 -0.042102 -0.238027
0.315383 0.213792 -0.245934 -0.171284 -0.181541 0.191960
-0.709096 0.757533 1.405626 -0.164707 -0.160594 -0.362511
0.334677 -0.797909 -0.316210 0.398394 -0.471600 0.185985
0.331599 -0.379680 -0.548483 -0.409724 -0.455338 -0.020205
