0.321203 -0.096280 0.201499 0.510983 -0.544657 0.543619
-0.216978 -0.209993 -0.187690 -0.113254 0.445925 0.604084
0.028613 -0.350631 0.151843 0.255376 0.515477 -0.013987
0.510409 -0.233661 0.107349 -0.790900 -0.357819 0.156785
-0.164007 -1.953245 -0.816290 0.489783 0.419040 0.107670
-0.033703 -0.514406 -0.074528 -0.097423 -0.077773 -0.469082
0.124864 -0.049488 -0.511486 0.260841 -0.529444 0.455331
-0.243036 0.354493 -0.472302 -0.263541 -0.139240 -0.186509
-0.071381 -0.182896 0.006522 0.224925 -0.428224 -0.605057
0.186364 -0.169150 0.282828 -0.669146 -0.446095 0.112719
-0.363688 0.300458 -1.044451 0.580868 0.540236 -0.255184
-0.187440 0.188522 -0.395619 -0.468941 -0.295412 0.273913
0.103013 1.072880 0.197726 -0.154260 0.173439 -0.687442
0.066289 -0.478569 0.346340 -0.281242 -0.789135 -0.239295
0.942825 1.074103 -0.550102 0.094124 -0.290692 0.494285
0.268665 2.749558 -0.913771 -0.313495 0.177819 0.121557
-0.683755 2.535266 -0.144433 -0.185778 -0.379790 0.351110
0.046467 0.293726 -0.290636 0.049666 -0.124376 -0.089040
-2.533344 3.924173 0.278625 -0.071176 -0.019266 0.031689
-0.025139 -0.612275 0.310240 0.123725 0.356220 0.844666
-0.146895 0.367831 0.051116 0.142515 -0.080847 0.111316
0.645876 -0.307894 -0.145912 -0.015331 -0.721138 -0.100892
-0.628168 0.036145 -1.129491 0.716669 0.041888 -0.241064
0.562486 -1.060884 0.816624 0.082085 -0.223329 -0.366842
-0.704159 0.940091 1.809217 0.402519 0.136842 -0.000483
-0.558205 -0.017020 -1.326629 0.124732 -0.255095 -0.003061
-0.164039 -0.021759 -0.247813 -1.412192 -0.345922 -0.322304
-0.583258 0.077820 0.079702 0.015799 0.092207 -1.047055
1.330315 -1.103393 0.234702 0.010876 0.130488 -0.145329
-0.860493 -0.321408 -0.032646 0.343547 -0.292047 -0.181313
-0.053857 -0.000928 0.305914 -0.189308 -0.456609 0.808506
-0.261539 -0.087633 -0.058912 0.962989 0.269279 -1.120557
0.877243 -2.179498 1.736077 0.227237 -0.217057 -0.096983
0.533805 -0.986675 0.151024 -0.446093 0.334705 0.276250
-1.327029 -0.195733 -1.486151 0.304576 0.140729 -0.186951
-0.768071 -0.343619 -0.266428 0.312268 -0.084614 -0.393314
-0.455252 0.682985 -0.284444 -0.118096 0.677266 0.339702
0.103710 0.117146 -1.613607 0.427799 -0.030237 0.543254
-0.733554 -0.262497 -0.233062 -0.078105 -0.653261 -0.415724
-0.219322 -0.374399 0.390080 0.295318 0.957742 0.706951
-0.669866 -0.351211 -0.248567 0.204157 0.088613 -0.166129
-0.345311 -0.694759 -0.152155 -0.327925 -0.148242 0.228185
-0.503248 0.269830 -0.799830 0.442964 -0.057078 0.176308
0.277688 -0.220796 -0.203733 -0.532644 0.876259 -0.533994
-0.186226 0.050197 0.057570 -0.513580 -0.923447 0.971138
-0.588531 -0.433632 0.426014 -0.012462 -0.078260 -0.153758
1.974355 0.392567 -3.768038 0.075489 0.048919 -0.366145
2.003711 -1.009848 0.072407 -0.132182 -0.001689 0.126476
-0.628025 -0.052495 0.025918 -0.459548 0.038575 -0.366278
-0.535915 1.949559 1.803297 -0.034772 0.105316 0.131881
-0.147402 0.045864 0.101775 -0.736930 -0.143395 0.082200
0.363537 0.039775 -0.063466 0.209617 0.352268 -0.114488
0.042252 0.492927 -0.531809 -0.638450 0.687208 0.008687
-0.651241 -0.148585 -0.055269 -0.406562 0.310096 -0.408757
-3.172269 -0.093025 -0.182940 -0.280460 0.409630 0.202450
-2.884991 -0.753126 0.699944 -0.126391 0.043596 -0.122174
0.078217 -0.168708 0.578776 0.302185 0.625363 0.681202
-0.021162 -0.385177 -0.004782 -0.391168 0.475202 0.313090
-2.390277 -1.035616 -1.907261 -0.285103 0.147455 0.327191
0.376552 0.281395 -0.760819 -0.184305 0.330097 -0.168453
0.763119 -0.153761 0.158458 0.030649 -0.319753 0.379907
-0.469153 0.531867 -0.180552 -0.172172 -0.498319 -0.538919
-0.549037 -0.373543 1.296278 -0.738854 0.363028 -0.171921
-0.224651 -0.090749 -0.343702 1.218464 0.257167 -0.206217
-0.765721 0.075434 0.042655 0.301342 0.287187 -0.383040
-0.127124 0.266010 -0.247161 0.287504 -0.434339 0.150348
-0.194067 -0.055056 -0.334523 -0.319324 0.178620 0.071163
0.737779 0.172252 -0.113605 -0.336553 -0.453359 0.318398
-0.182337 -0.415200 -0.646979 -0.527571 -0.567728 0.666040
-0.897720 -1.087644 -1.184848 0.292247 -0.175154 -0.035703
0.126596 0.215174 0.032249 0.100580 0.408690 -0.526586
-0.247737 -0.003762 0.571536 0.107004 0.685206 0.072240
-0.354775 -0.227445 -0.305654 0.758661 -0.373406 0.269955
-0.141051 -0.073467 -0.184672 1.030266 -0.012104 -0.766534
-1.572404 -0.240294 0.484845 -0.115050 0.498035 -0.077761
-0.007420 -0.029708 0.455077 0.139846 -0.494571 -0.337004
0.038927 -0.684271 -0.211650 -0.472887 -0.093011 -0.463962
-0.794085 -0.625789 0.495255 0.457075 -0.623066 0.205855
-0.016032 -0.432608 0.504457 0.156584 -0.049647 -0.427341
-0.347689 0.291147 -0.523580 0.485315 0.764513 0.030714
0.046095 0.021416 0.889209 0.433508 -0.384773 -0.073992
0.439905 1.233756 -0.895445 0.294212 0.016210 0.297524
-3.073438 -1.097829 -0.583669 0.112331 -0.096552 -0.067520
-0.779009 -0.656377 -0.896096 0.049017 0.211898 -0.356387
-0.383519 -1.566733 1.664096 -0.314092 -0.039371 -0.070935
-0.117566 -0.053134 0.171952 -0.879397 -0.263143 -0.584805
1.670923 -0.049718 -0.064550 -0.302425 0.258621 -0.070333
0.793727 -0.742320 1.192512 -0.205497 -0.133175 -0.287697
-0.244815 -0.001088 0.142373 0.679047 0.980880 0.449531
1.887912 0.600731 -1.098079 -0.076225 -0.474983 -0.159603
-0.030105 -0.243699 0.129009 0.780926 -0.380951 -1.080091
-0.131821 -0.283990 0.012182 -0.900921 0.279353 0.179698
0.079443 0.061159 0.100279 0.750482 -0.223808 -0.715590
-0.028084 -0.509279 -0.241111 0.200434 -0.060825 -0.527858
-0.327364 0.069867 -0.697632 0.500856 -0.351209 0.058357
-5.811591 -0.148950 -0.630500 -0.032103 -0.013474 -0.089623
1.533905 0.376423 -1.717068 -0.279617 -0.094798 -0.139629
-0.842106 0.807159 0.440340 0.218805 0.021356 0.338283
0.476530 -0.332422 -0.174560 0.092576 -0.089195 -0.911909
0.222767 -0.304972 0.231494 0.043457 -0.574566 0.387974
0.308371 0.344746 -0.157824 -0.289170 0.708164 0.607796
0.404463 0.519133 -0.413107 -0.095661 -0.155487 0.370591
-0.091616 0.525519 0.209762 -0.152072 -0.067792 0.501257
-1.016550 -0.392824 -0.210820 0.096736 0.052802 0.627074
-1.224169 0.860369 0.146559 -0.026400 -0.492756 -0.381335
-0.193749 0.322883 0.227351 0.644988 0.115759 -0.294896
0.586218 0.233334 0.312372 -0.276634 0.119055 0.026746
0.135031 -0.294136 -0.795992 0.204854 0.344795 0.377827
0.345874 0.046972 0.184887 -0.476066 1.024223 -0.646901
-0.022734 -0.250923 0.241155 -0.342265 0.140639 0.836631
-0.038729 0.030517 -0.220921 -0.181017 -0.492587 0.009992
-0.494547 -0.402920 -0.721309 -0.625351 -0.656952 -0.193744
-0.026238 -0.812441 -0.075395 -0.399232 -0.046440 -0.068863
0.079702 -0.146467 0.222506 -0.279202 -0.109869 -0.207891
0.068126 0.065518 -0.067248 -1.053208 0.172668 -0.653981
-0.930075 -1.232486 -2.469257 0.053978 -0.073771 0.160936
0.051483 0.540479 -0.023974 -0.005459 0.276164 0.621269
-0.594552 0.824720 0.199336 -0.151789 0.259497 0.462581
0.139600 0.077264 0.137207 -0.192939 0.367846 -0.169774
0.058849 -0.265768 0.187406 0.134600 -0.178747 0.631204
-0.027697 0.752675 0.622768 0.305069 -0.185298 0.234604
-0.492199 0.565752 -0.078592 0.204854 0.751395 -0.236987
-0.696784 1.432189 -1.541840 0.435496 0.164783 0.129149
0.702180 1.245770 -0.181938 0.177830 -0.267390 0.365175
-0.380461 -0.215182 0.911095 -0.288963 -0.084165 0.354267
-0.210944 0.539343 -1.348930 -0.681979 -0.074704 0.586723
-0.596902 0.309700 0.294583 -0.573923 -0.181556 0.351701
-12.576558 15.679758 -5.545348 -0.109054 -0.075897 -0.013047
0.351535 -0.615847 -0.351638 0.321052 -0.214550 -0.345006
0.074959 -0.286307 0.053207 0.136469 0.342236 -0.060062
0.302002 0.460042 0.420313 -0.058178 0.123375 -0.323216
-0.246910 -0.173811 0.531964 -0.080023 0.300147 0.125717
0.644457 0.519532 -0.716892 -0.187151 0.122931 -0.309866
0.131048 -0.187562 0.175365 0.414246 -0.551210 -0.391091
-0.058408 -0.060649 -0.089453 0.084544 0.659971 0.500452
0.312175 -0.614779 0.338551 0.312515 -0.313196 -0.421103
-0.402085 0.042572 -0.319511 0.080104 0.791688 -0.331356
-0.060066 -0.263872 -0.472823 0.366722 0.171226 -0.907341
0.967459 -0.757341 1.455924 -0.036974 -0.046023 -0.227372
-1.071066 -1.431926 1.158249 -0.035040 0.404960 0.636136
-0.043039 -0.375068 0.367923 0.942924 -0.095524 -0.347360
0.584805 -0.467428 -0.457685 0.004829 0.232159 0.094695
-0.320817 0.562736 0.358901 -0.615751 0.315323 0.126675
-0.702256 -1.494467 6.000521 -0.037118 -0.077840 -0.230933
-0.111333 -0.123265 -0.356076 -1.116164 0.286173 -0.530768
-0.348950 -0.211919 -0.047951 0.142714 -0.107265 0.069192
0.199827 -0.277618 0.477088 0.519990 0.689025 0.313283
-0.537602 0.147661 0.103679 -0.079497 -0.398343 0.822990
-0.378506 0.872983 -0.896084 0.318564 -0.091512 0.145788
-0.064561 -0.039457 0.314381 0.426573 -0.313066 0.228110
0.426575 -0.272594 -0.542107 0.089439 0.108767 0.843532
-0.192431 -0.624548 -0.064441 0.261072 -0.403908 -0.422150
-0.135976 -0.407251 0.681083 0.717065 0.129085 0.059738
-0.238831 -0.214061 -0.693761 0.184962 0.053310 0.077920
0.547835 0.294994 -0.182509 0.199972 0.029485 -0.042948
0.398588 0.114569 -0.705774 0.302748 0.078967 -0.145508
-0.078613 0.048318 -0.190842 -0.599450 -0.114635 0.300009
-0.196651 -0.181445 -0.300956 0.169240 -0.112090 0.921405
-0.769115 -0.988444 0.723486 0.052742 0.018441 0.054824
-0.947715 0.784836 -0.841389 0.170222 -0.166964 -0.737741
-0.014419 -0.452686 0.016059 -0.261922 0.329965 -0.462479
-0.918645 -0.854835 -1.120975 -0.130852 -0.392925 -0.165279
-0.879596 -0.070372 -1.240328 -0.073856 0.439445 -0.132797
-0.920455 -0.584801 0.254918 -0.403934 -0.442652 0.028669
-0.694577 -0.290140 -0.470649 0.490345 -0.373288 -0.313619
0.141173 0.351684 -0.613189 0.552344 -0.713636 0.634063
1.038253 -0.431719 -5.081789 -0.096754 -0.311871 0.293185
-0.293064 0.645630 -1.672474 -0.142846 0.198975 0.570632
-1.391281 -0.473218 0.306352 -0.130351 0.295123 0.158941
-0.054070 0.116412 0.018155 -1.043369 -0.102662 0.213856
0.504392 0.665246 0.537100 -0.328482 -0.605006 -0.259466
0.231808 0.066840 0.398120 0.080442 0.163709 0.557213
2.295095 -1.805323 -0.284245 -0.064651 0.157153 -0.199343
0.069626 -0.068430 0.224834 -0.421294 -0.384762 -0.480955
0.229800 0.375220 -0.164693 -0.335213 0.081967 0.491760
0.424243 0.468576 0.084198 0.637799 0.113373 0.370877
4.508466 0.113151 -4.084528 0.079477 0.122930 0.052024
-0.399418 -0.371521 -1.467394 -0.096030 0.159089 -0.165491
-0.987169 -0.104492 -0.736031 -0.021665 -0.023913 -0.181547
0.148789 -0.459098 0.592308 -0.284579 -0.369965 -0.551433
0.505571 -0.833139 0.653766 -0.053485 -0.634427 -0.151380
1.257591 -0.988555 0.012830 0.023445 -0.083062 -0.174076
0.717974 0.372707 -0.605865 -0.891983 0.446668 0.093578
0.574451 0.197568 0.178922 0.182852 -0.765108 0.037630
-0.389640 -0.400488 -0.417053 -1.315144 -0.322182 0.110867
-0.021400 0.276543 0.089360 -0.524025 -0.259847 -0.348423
0.500265 -0.011511 -0.180327 0.330989 0.600336 -0.278299
0.222499 -0.151735 -0.219216 0.234249 0.144767 -0.326365
-0.531238 -0.381734 0.836582 0.244032 -0.605928 -0.076317
0.306238 0.847662 0.143741 -0.123568 -0.396142 -0.074286
-0.412775 -0.676739 -0.358188 0.138116 -0.262413 0.423097
-0.403871 0.116763 0.001161 -0.149342 -0.478335 -0.066439
0.045685 -0.439608 -0.473937 0.247045 -0.754050 -0.170054
-0.164048 0.420384 -0.170155 0.742913 0.171122 -1.444170
-1.662665 0.364568 -1.214681 -0.032502 -0.117824 -0.213914
0.903279 -0.617322 -1.751252 0.442558 -0.037717 -0.252769
-2.212888 -1.551659 0.052477 0.071970 0.196096 0.002373
-1.464531 -0.154285 -0.332570 -0.446759 -0.337727 0.217694
0.093382 -0.006873 -0.580580 0.198973 -1.035089 -0.011453
0.087391 -0.247593 -0.075699 0.092746 0.183005 0.149923
0.511069 0.994747 -1.279640 -0.546174 0.278426 0.166357
2.238910 8.430023 -1.980979 -0.239228 -0.246954 0.129286
0.271821 0.077871 -0.735821 -0.269959 -0.084518 0.324654
-0.117650 -0.568297 -0.066556 0.425338 -0.397990 -0.476407
-0.573543 -0.267864 0.281615 0.673135 -0.476441 -0.189275
0.739846 -0.989857 -0.391528 0.467555 -0.017174 -0.129559
-0.795202 -0.434627 -0.212211 0.121369 0.811353 0.522377
1.434903 -0.133787 -0.512549 -0.124020 0.219282 -0.351219
-0.617991 0.355325 -1.241932 -0.181961 0.061010 -0.007343
0.109264 0.144629 -0.366770 -0.716667 -0.294871 -0.227300
-1.216829 -0.999191 -0.905143 0.223469 -0.127656 -0.463950
-0.633147 0.240041 0.546619 -0.127755 0.719421 0.636452
-1.704622 0.158134 1.553055 0.271786 0.103393 0.097241
-0.060205 -0.210457 0.353569 0.656506 0.503382 0.319311
0.396353 -0.103502 0.215432 -0.381440 0.836202 0.349749
-0.780685 0.604951 0.498993 0.347506 -0.108242 0.584171
-0.157154 0.513594 -0.405856 -0.352259 0.385823 0.106323
0.959044 0.092893 0.199435 -0.116148 0.045167 0.087885
1.389613 0.122655 1.311159 0.310832 -0.665090 0.242307
-0.549386 -0.354038 -0.105316 0.597528 0.106636 -0.742538
0.683329 0.314573 0.162277 -0.043053 -0.398122 0.103995
0.310553 -0.328138 -0.355294 -0.104769 -0.293238 -0.291000
6.760516 -0.175827 -7.852603 -0.106126 -0.113156 0.046109
-0.195301 -0.251767 -0.075818 0.785768 0.761867 0.667326
2.028506 -1.225573 0.917345 0.159494 -0.078196 -0.213534
-2.488608 -10.547247 -6.279926 0.113663 -0.102935 -0.108207
-0.780121 0.466322 -0.313937 -0.345825 -0.493678 0.065268
-0.122856 -0.439834 0.178651 -0.357686 -0.970394 0.009438
0.356501 0.066418 1.206162 0.036298 0.434417 -0.181764
0.112158 -0.186076 0.039691 -0.064618 -0.544358 0.095981
0.027300 -0.754673 -0.402241 0.012992 -0.020324 -0.662787
0.872803 -0.669866 1.239915 -0.199017 0.080572 0.523236
0.209790 0.039356 -0.126303 -1.067440 1.100175 -0.600631
-0.037791 -0.010982 0.321463 -0.818725 -0.267352 -0.026344
1.046028 2.080242 1.793539 0.235479 0.229300 -0.295420
-0.744710 0.572300 -0.359960 -0.182154 0.120519 0.177500
0.353575 -0.297347 0.193481 -0.145519 0.257182 -0.569112
-1.637888 4.143023 2.010784 0.242054 0.236390 -0.074791
-1.207732 0.407332 1.376613 -0.098767 -0.239047 0.210852
-0.479677 -0.560392 0.347737 -0.103531 -0.866920 -0.004546
-0.096622 0.069997 -0.091766 0.760283 0.840206 -0.145683
-0.619952 -0.328949 0.385269 0.878482 0.140060 -0.854795
0.122610 0.303587 0.283532 -0.192893 0.021159 0.103367
0.638846 -0.009266 1.609191 0.006397 -0.151352 0.178339
-0.013837 -0.139743 -0.117728 -0.580176 -0.464919 0.545277
-0.730114 -0.306772 -0.006705 0.442471 -0.177903 -0.073141
0.068731 0.000355 0.350938 0.232577 -0.092905 0.501203
0.121733 -0.144025 -0.317240 0.765208 0.482210 0.348171
-1.504942 0.466217 -0.049162 0.119891 0.239891 0.060353
0.382472 0.118654 -0.321354 -0.354932 -0.264208 0.465785
-0.093006 -0.010538 -0.417244 -0.048293 -0.059745 -0.309470
2.026623 2.284068 -0.632525 0.008478 -0.088695 0.060127
1.041211 2.146106 0.789019 0.215679 -0.088224 0.119866
-0.646955 -0.206692 1.118789 0.319105 -0.267694 0.503968
0.512454 -0.603589 1.493870 0.138621 -0.076224 -0.019155
-0.441132 -0.048183 1.305680 0.322524 0.195296 -0.189001
-0.992040 0.094170 1.026238 0.003390 -0.398569 0.069865
-0.244054 0.326473 0.184690 -0.090887 -0.527686 0.333084
-0.411163 -0.081410 -0.348800 -0.460275 -0.712960 -0.291882
1.264408 0.404401 0.453413 0.378800 0.283194 -0.088828
0.321137 -0.529142 -0.172414 -0.058207 0.508037 0.833010
-0.262625 0.091374 0.799612 -0.083837 0.215557 -0.240847
0.039711 0.580732 -0.316016 -0.470803 0.063883 -0.489940
0.006906 0.105604 -0.190229 -0.151983 0.236875 -0.430686
-0.094591 0.483208 0.478829 0.044195 -0.172335 -0.548573
-0.115720 0.281502 0.101901 -0.200564 1.020005 0.383460
-0.115266 -0.396471 -0.439074 0.109430 0.602722 0.133688
8.834200 5.772691 1.029182 -0.226614 -0.069502 -0.167535
1.137163 -0.456929 1.015380 0.322882 0.020120 0.274172
2.385791 -0.080766 4.199664 -0.239156 -0.008895 -0.167029
0.327373 0.031374 -0.156615 -0.179833 1.003610 0.384485
0.309235 0.313600 0.774678 -0.124458 -0.510178 -0.088359
0.732323 -0.308236 0.220968 -0.025738 -0.454593 0.160514
-0.352621 -0.367140 -0.394485 -0.008828 0.662743 0.232955
-0.099527 0.917545 0.032400 0.027300 0.256637 -0.322557
-0.021796 -0.082311 0.069574 -1.585428 0.500278 -0.187173
0.402224 -0.278974 -2.242981 -0.260275 -0.385399 0.057613
-1.606750 -0.627532 -0.736380 -0.039803 0.545591 0.523163
0.005671 0.181733 0.457558 -1.217618 0.135363 0.598235
-0.371749 0.301845 -0.550081 -0.536434 -0.218533 -0.198392
-0.038969 -0.475291 0.376540 0.043836 -0.474850 0.269767
0.466003 -0.700506 -0.216701 -0.499311 -0.470362 0.196635
-0.030665 -0.130393 0.101405 -0.566686 0.235431 0.689316
0.422676 -0.134088 0.176656 0.888801 0.120851 -0.123883
-0.319900 -0.250406 0.205935 -0.420114 0.211071 0.014889
-0.207815 0.069509 0.113896 -0.526154 -0.795518 0.461426
0.050020 -0.034502 -0.004739 -0.667768 -0.447684 -0.179474
0.575003 0.002666 -0.243307 -0.467686 0.240812 0.051216
-0.908623 -0.124914 -0.765326 -0.127796 0.066859 -0.130414
0.140586 -1.297600 -1.412462 0.276159 0.105408 -0.181191
0.044846 0.141166 0.192521 -1.126829 -0.324593 -0.148988
-0.077292 0.098477 -0.114809 0.281546 -0.591071 0.118506
0.874972 0.850613 1.970641 -0.212954 0.249480 0.002219
-0.936721 -1.104685 -0.856440 0.078719 0.490297 0.436163
0.043614 0.011068 -0.032217 -0.500217 -0.658333 0.946339
0.209891 0.113388 -0.040614 -0.547169 0.281794 0.579988
-0.802324 -0.245448 -0.458923 -0.008073 -0.648067 -0.177112
0.090398 -0.060359 0.071368 0.737289 0.652163 -0.414771
-0.015897 -0.264320 0.450910 0.608197 -0.819596 -0.338441
0.129259 -0.364147 -0.265621 -0.252572 0.735250 -0.996210
-0.171164 0.106642 -0.007900 0.514265 -0.057341 -0.195630
-0.354110 -0.368207 1.205332 0.152115 -0.429238 -0.444825
-0.129329 0.067372 -0.095642 0.620337 0.048500 -0.113450
-0.365578 0.042639 -0.473970 0.215317 -0.671026 -0.376442
0.316982 -0.543512 -0.491092 0.199680 0.243429 0.210134
0.007856 0.100350 -0.047308 0.842112 -0.036952 -0.796857
-0.137004 -0.219713 -0.422928 0.509221 1.121509 -0.425205
-0.118098 -0.127237 0.297957 -0.306731 0.284838 -0.384705
-0.080674 -0.466721 0.025023 -0.335662 -0.198887 0.647073
-0.001838 -0.067363 -0.551053 0.273609 -0.185674 0.307770
0.376394 -0.906723 -0.634525 -0.159486 -0.111920 -0.327345
-0.464247 0.065985 -0.159377 0.467635 0.010907 0.486197
1.298965 -1.045646 0.642091 -0.099310 0.744585 0.149671
-0.183823 -1.171264 -1.638097 0.309114 0.172939 0.262263
-0.003137 -0.105354 0.556230 0.213480 0.043008 -0.702793
0.089608 -0.884608 0.365507 -0.306042 -0.900838 -0.335915
-0.172447 -0.342356 -0.134300 0.039941 -0.324833 -0.404843
-0.240635 -0.265765 0.161911 -0.401223 -0.428119 -0.568855
-0.473683 -0.119963 0.912197 -0.443612 -0.285837 0.658477
0.948260 1.297511 0.410021 -0.053144 -0.076109 -0.104347
0.715939 0.457238 -0.201532 0.455043 -0.191257 -0.088339
0.034450 0.033294 -0.156270 0.349661 0.016044 0.197565
-0.109205 -0.205345 0.544266 0.411130 0.363479 0.264504
0.057891 0.432978 -1.107852 0.034119 0.027126 -0.367516
-0.177254 -0.020200 -0.329887 0.869431 -0.239196 -0.414421
-0.029510 -0.568246 0.260186 0.425186 -0.310301 -0.246767
0.002959 0.909378 1.671982 0.131398 0.137227 0.233786
-0.442511 -0.038802 -0.821264 0.411662 -0.570143 -0.062689
0.137951 -0.690180 0.033937 -0.293855 -0.226611 -0.105115
1.084361 1.677638 1.075857 0.032804 0.192805 -0.687778
0.380833 0.673379 -0.504669 -0.274722 0.164901 0.184848
-0.320423 0.121798 -0.150287 0.380978 1.118016 0.540762
1.711488 -1.991619 0.000211 -0.057641 -0.091663 0.042095
-0.117323 0.174320 -0.960396 0.387315 -0.191900 0.277584
-4.162238 1.710893 0.504504 -0.229108 -0.152138 -0.134326
0.437861 0.081728 0.995241 0.339691 0.336653 -0.576152
-0.050848 -0.326996 -0.301946 0.286555 -0.309399 0.342430
-0.159666 0.879288 0.274353 -0.290376 -0.008736 0.211177
1.375144 0.486565 -0.195121 -0.358553 -0.098674 -0.452576
0.148763 0.315581 0.199394 -0.603133 0.311428 0.305120
1.114455 0.442711 -0.516155 -0.499765 -0.081025 -0.181724
0.031037 0.368074 -0.314220 -0.770920 0.164199 -0.353357
-0.612476 0.073570 -1.038685 -0.302145 -0.455133 0.225147
-0.215883 0.200168 -0.550360 -0.159247 1.348353 0.046449
0.284536 0.349612 1.763589 -0.290969 -0.133446 -0.218360
-0.037837 -0.316787 -0.037331 -0.289580 -0.090736 0.219295
-0.516502 0.416518 -0.211188 0.569038 0.769309 0.295552
-1.140823 0.736293 -1.378011 -0.435946 0.351282 -0.193875
0.541336 0.847874 -0.438580 -0.142313 0.183424 -0.644121
-0.441008 0.176682 -0.410722 -0.150864 0.283330 -0.047273
0.601171 -2.293286 2.910451 -0.305027 -0.094251 -0.058812
0.488513 -0.559019 -1.491341 -0.260478 0.014852 0.317745
1.079121 3.588951 5.408621 0.124206 -0.037644 -0.033329
1.041725 -0.202728 -0.616327 -0.297703 -0.348986 -0.070012
-0.236193 -0.150833 0.039522 -0.236584 0.498010 -0.014470
-1.661858 0.517902 -0.739171 0.396168 -0.082921 0.264057
0.180669 -0.088636 0.173928 -0.264692 0.303828 -0.636457
0.048936 0.081195 -0.024405 0.382566 -0.342913 -0.475692
0.145258 -0.080834 -0.194514 -1.642187 0.418915 -0.746190
0.116991 -2.139375 -1.322297 0.123367 0.048051 0.397653
0.076980 0.034223 -0.185776 0.427857 1.292331 -0.332562
-0.237829 0.290977 0.146532 -0.079255 0.532094 -0.363967
-0.503161 0.954351 -0.385153 0.138135 0.406356 0.307530
0.223907 0.180726 -0.507700 -0.606613 -0.045435 0.268136
0.531973 -0.358625 0.392561 0.472493 0.689489 0.088956
-0.304464 -0.391083 -0.571186 -0.268203 0.041908 1.010677
0.448171 0.125591 0.117837 -0.741110 -0.105246 0.131570
0.252259 -0.390992 0.304034 0.455527 0.158041 -0.777889
0.216883 0.312820 -0.274426 -0.104580 -0.194337 -0.986561
0.355812 0.111953 -0.410631 0.357933 0.197570 -0.117102
0.319782 -0.244700 -0.063251 -0.260168 0.192849 0.865310
-0.863952 -0.331537 -0.205507 0.046645 -0.104186 0.129081
1.228660 1.524892 0.213024 -0.382136 -0.081726 -0.345282
0.062564 -0.225327 0.514128 0.444218 0.335183 0.964173
-0.088030 -0.915948 0.307138 0.318325 -0.384310 -0.299065
1.115951 0.900786 -1.022634 0.197919 -0.218169 -0.037292
-0.195331 2.251197 -1.656789 0.005086 -0.073676 0.076966
0.453922 0.148502 0.557361 -0.122480 -0.325141 0.310998
0.079574 -0.350417 0.603088 0.099468 0.109285 0.102210
0.194036 -0.370653 -0.379142 -0.528895 -0.350007 0.006040
0.546527 1.098288 0.324837 -0.032368 0.519188 0.053458
-0.191539 0.077061 -0.243814 -0.906282 0.251126 -0.433341
0.036896 0.095348 0.509596 0.260648 -0.926742 0.404068
-0.154228 -0.724797 -0.269865 -0.630861 0.079254 0.224671
0.364055 -0.364012 1.880014 -0.008402 -0.331784 0.020036
-0.807451 0.269607 1.253926 0.085394 -0.353962 0.147054
0.444272 0.504612 -0.726043 0.220898 -0.415105 -0.328100
0.169821 -0.101810 -0.575571 -0.599738 0.085244 -0.227813
-0.222939 -0.071049 -0.190155 -0.483483 -0.706827 -0.374794
0.686126 -0.440467 1.065344 -0.048056 0.371828 0.498399
0.057247 0.011920 0.502846 0.013283 -0.400788 0.337217
-0.284651 0.173746 -0.179805 0.173693 0.324169 -0.976448
-1.061547 0.207106 -0.592853 0.146018 0.063692 0.832145
-0.157175 -0.011138 0.974649 0.361527 0.162635 0.206237
0.117628 -0.197118 0.269351 0.164819 0.225621 0.132977
-0.483643 0.449587 0.129627 0.003459 -0.217030 -0.060262
0.885768 -0.368185 -0.484777 -0.558844 -0.022466 0.070412
0.610005 0.431357 0.858375 -0.034322 -0.065241 -0.124125
-0.458203 -1.464203 2.567113 -0.198233 -0.193768 -0.014259
0.066217 -0.106488 -0.406997 0.171740 0.042768 -0.308740
-1.276736 -0.447284 -0.043193 -0.324609 -0.200089 0.320227
0.197902 -0.280651 0.257484 0.977186 -0.766136 0.721081
-0.690100 -0.413674 0.838526 0.462711 0.169360 0.759929
-0.212195 0.214743 0.004826 0.438444 0.787093 -0.627585
0.363738 -0.559754 0.002087 0.417273 0.265570 -0.128583
-0.106918 -0.262664 0.523096 -0.676377 -0.491661 -0.505671
0.097076 1.777292 0.080553 0.432914 0.095673 0.382099
0.173643 0.227909 -0.218639 1.221422 -0.699782 -0.340097
0.005266 0.142463 0.234645 0.121652 -1.351086 -0.049643
-0.196428 -0.062013 -0.993787 -0.264174 -0.615721 -0.514188
-0.924107 1.066781 -1.607194 0.230449 0.027078 -0.093554
-0.219412 0.437296 -0.418809 -0.208439 0.819748 0.179205
-0.449866 -0.564831 0.881305 -0.083800 -0.234142 -0.003482
4.921323 0.343104 3.288297 0.023833 0.077913 0.417128
0.432372 -0.194507 -0.721507 -0.539143 -0.389842 -0.129299
0.178268 1.381599 1.236542 -0.091920 -0.334632 -0.129434
-0.512098 0.426758 0.325652 0.247546 0.405585 0.088053
1.218586 -2.098945 -1.751364 0.056172 -0.129237 -0.390083
-0.075648 -0.388646 0.037461 -0.255276 0.361777 0.320399
1.192182 -0.180614 -2.370910 0.044671 -0.002920 0.039688
1.814981 0.052084 -0.725894 -0.247274 -0.083963 0.030676
0.594327 -0.108805 -0.208368 0.440931 -0.075156 0.275100
0.881230 1.001780 -0.278246 0.031240 0.017236 0.089830
0.748566 1.551183 0.182473 0.420633 0.186365 -0.532678
-0.995632 0.594497 -1.122684 -0.245069 -0.387363 -0.146766
0.064063 -0.312728 -0.144004 0.761442 -0.018870 0.157249
0.228223 0.203353 0.580868 -0.060891 -0.231015 0.401119
0.318292 -0.000090 0.562447 0.093588 0.764897 -0.055473
-0.015759 0.104539 -0.239491 0.590520 0.013434 -0.300017
-0.522820 0.022627 -0.901502 -0.104380 0.050291 -0.026097
-0.293790 -0.580255 0.380555 0.674901 -0.113954 -0.551557
0.789861 -0.064048 0.218796 -0.155662 0.186663 0.074095
0.159431 -0.851921 1.188466 -0.003578 0.063139 -0.298792
0.929997 -3.439170 2.825168 -0.034500 -0.040172 0.302682
-0.022690 0.404831 0.060827 -0.155587 -0.580604 0.626728
0.169238 0.273950 -0.080512 0.682895 0.053437 -0.354664
0.381346 -0.396062 0.226233 -0.581443 0.725040 -0.674252
-0.175202 1.078586 -0.348038 0.678742 -0.204278 -0.593550
-0.011444 0.490208 0.583177 -0.240803 -0.332349 0.102874
0.304072 0.815512 0.235907 -0.079275 0.075167 0.174937
-0.249605 0.459317 0.518124 -0.731665 -0.795190 0.137612
0.237121 0.026419 0.201987 0.669003 0.614725 -0.443317
0.921354 0.753336 0.501524 0.199768 0.335008 -0.754784
0.075419 -0.179500 0.050646 0.342018 0.010187 -0.533357
0.353370 -0.469294 -2.273272 0.039305 0.380912 0.441570
-1.070530 -0.637653 0.346857 0.538236 -0.179008 0.032849
-0.095479 0.291067 0.171646 0.296606 -0.202559 -0.096398
0.348764 0.353779 0.355072 0.190018 -0.247176 -0.156310
0.031284 0.083744 0.265093 -0.807822 -0.702546 0.165176
-0.069049 -0.314361 0.178298 0.147583 0.792953 0.209315
0.298797 0.366300 -0.319020 -0.594159 0.005156 -0.253712
-0.841840 0.016813 -0.502356 -0.071668 0.251442 -0.077953
-3.407869 -1.682241 1.027136 -0.500162 -0.389776 -0.153867
0.489050 0.204699 0.635957 0.142262 -0.504806 -0.049573
2.402164 -0.854576 0.115823 -0.129341 0.026400 0.354465
0.214469 0.595866 1.312329 -0.395061 -0.192384 -0.327618
-0.346938 -0.223448 -0.265188 0.528279 0.350995 0.477026
0.047533 0.201288 -0.150392 0.271449 -0.026721 0.646232
-1.602567 -0.714012 -1.059981 0.390111 0.100276 0.222336
0.157349 0.450130 -0.004685 0.512157 -0.167547 0.211326
-0.468252 0.225919 -0.248379 -0.379767 -0.605911 0.480015
2.161819 -0.063787 -0.071984 0.283749 0.300119 -0.009370
0.055214 -0.606498 -0.379711 0.632301 -0.133374 0.560299
0.064689 -0.190317 -0.118365 0.009884 -0.078806 -0.144209
-0.599480 -0.199997 0.553790 -0.249393 0.181631 -0.408559
1.011915 0.582957 -0.087337 -0.165773 -0.200549 -0.156382
1.049365 -0.810527 0.282082 -0.152922 0.302162 0.356722
0.013623 -0.709370 -0.832668 0.737859 -0.080594 -0.113201
-0.423776 -2.950450 -1.756677 0.023052 -0.093155 0.044971
0.181128 -0.237462 0.125141 0.362686 -0.408591 -0.847699
-0.245316 0.341559 -0.018807 0.606910 -0.686951 -0.188982
-0.051720 -0.099462 0.137342 0.095770 0.071084 0.661671
0.149049 -0.165908 -0.228642 0.601981 -0.954502 -0.149435
-0.045618 0.211684 0.421882 0.052610 0.372637 -0.058477
0.834560 -0.201346 -1.747190 -0.250421 -0.240849 0.431552
0.146253 -0.352888 -0.046489 1.099920 0.313422 -0.088251
-0.347924 0.136158 0.136002 -0.832757 1.259442 -0.916954
0.062911 -1.174976 -0.274698 0.109140 0.276197 0.026957
0.162038 0.052380 -0.109070 0.744983 -0.026339 -0.187578
1.409403 -0.508798 1.509191 0.061273 0.408285 0.119556
-0.415534 -0.242704 -0.689282 -0.801802 -0.446994 -0.058904
-0.623489 0.349500 -0.364250 -0.339186 -0.352615 -0.063314
0.499332 0.421694 0.104248 0.333152 -0.530833 -0.670929
-0.254553 -2.290549 1.651798 0.079813 -0.130607 -0.332666
-0.097535 0.073806 -0.251967 -0.682385 0.125145 -0.043074
0.255794 -0.421923 0.469439 -0.409156 -0.495030 1.091727
-0.294586 0.345579 1.132979 0.147011 -0.100910 0.138775
-0.379550 -0.948539 0.234626 0.222470 -0.467059 -0.197509
-0.399220 0.451007 -0.241832 0.296186 -0.610090 -0.382404
0.494683 0.523202 0.254389 -0.555615 0.060198 -0.392049
1.096882 -0.108802 -1.113813 -0.423807 0.071136 -0.540157
-3.963769 11.778982 18.638689 0.107524 -0.023016 -0.105431
-0.073938 0.039403 0.441789 -0.064107 -0.063429 0.557705
0.436194 -0.278439 -0.832259 -0.708463 0.820292 -0.030788
0.154255 -0.033261 -0.345705 0.302924 -0.043657 -0.305094
0.356988 -1.073632 -1.218605 0.703824 -0.434912 0.127605
-0.571970 0.107778 0.666653 -0.381860 -0.147810 0.148089
0.038473 -0.408872 0.046993 0.304995 -0.198541 -0.288451
0.413958 0.429812 0.881052 0.302012 0.093845 -0.182070
-0.694925 0.006775 -0.238005 0.749293 0.073243 0.242247
-0.324389 0.218506 0.161051 -0.585873 0.089269 0.169953
0.130313 0.122659 0.159391 -0.224132 -1.307906 -0.112731
-0.243277 -0.259473 -0.221227 0.358958 0.667283 0.443915
-0.124526 0.143148 -0.282609 0.234062 0.222835 0.364966
0.533074 0.056691 -0.030326 -0.222273 0.095534 -0.258566
5.953810 0.709344 -1.654132 -0.166241 -0.061075 -0.210843
-0.544708 0.605019 1.073829 0.326411 -0.013748 -0.020215
-0.311070 -1.408405 0.296828 -0.205526 -0.026042 -0.315061
0.371277 -0.022777 0.053381 -0.676122 -0.289199 0.245706
-0.054863 0.391258 -0.126257 -0.032130 0.278624 -0.043434
-0.445848 -0.380730 -0.259851 -0.413462 -0.008454 0.208869
-0.205205 0.635135 0.147839 -0.132955 0.644629 0.256708
0.126578 -0.297351 -0.296026 0.789216 -0.635119 0.094979
0.417104 -0.507679 -0.006587 0.440772 -0.540348 -0.185869
-0.620249 0.139331 0.144696 0.513939 0.133110 0.077884
-1.349814 -0.141416 0.265969 0.393773 -0.020707 -0.025598
-0.189888 0.160706 0.138128 -0.236947 0.483665 0.134059
0.286669 3.045556 0.000199 0.148250 -0.058119 0.145149
-1.592509 -0.153709 2.272912 0.128006 0.171196 0.068631
0.100015 0.787182 -0.636738 0.088379 0.067267 0.833046
0.052515 0.040193 0.107728 -0.607917 -0.017581 -0.191851
-0.206455 0.595432 3.229876 0.038377 0.066015 -0.008981
-0.558342 -0.561855 0.186101 -0.452875 -0.239178 0.226962
0.169738 0.007212 -0.810789 0.294106 -0.197321 0.502586
3.597878 -1.012905 0.655914 -0.013042 -0.055804 -0.060623
0.122627 -0.711591 -0.417410 0.588976 0.191042 0.363757
-0.323557 0.468741 0.461331 -1.078561 -0.137740 0.437767
0.007936 -0.368839 0.443711 -0.213120 0.283432 -0.132770
-0.695562 0.801355 0.197996 -0.313617 0.677761 0.758199
-0.530834 -0.287129 0.197049 0.176046 -0.094124 -0.249887
1.026477 -0.018694 0.104267 -0.189564 -0.035974 0.016769
0.215042 -0.352153 1.033666 -0.183575 -0.130508 -0.005460
0.535608 -0.691568 0.694203 -0.645108 -0.351852 0.679685
0.144659 -0.080172 0.814944 0.011657 0.290766 -0.124992
-0.252190 -0.458661 -0.475870 -0.640136 0.515142 0.075163
-0.412949 -0.265647 -0.864171 -0.498873 -0.048806 0.394347
0.266474 0.270620 0.687777 -1.246125 -0.288065 0.421655
-0.100864 -0.073422 -0.091958 0.512795 -0.184725 0.080923
0.719143 -0.211030 0.319908 0.687021 0.199632 0.020712
0.302777 -0.383938 -1.832149 -0.403385 0.029159 0.097399
-1.076216 0.091308 0.354431 0.107647 0.617060 -0.976659
0.708201 -0.824975 0.124059 -0.374206 0.156434 0.145502
0.001180 0.068278 -0.091879 -0.660231 0.157391 0.128282
0.251723 0.372345 -0.620954 -0.101167 0.321222 -0.664175
0.423394 -0.035064 -0.103964 0.312053 0.296207 0.319069
-1.321304 -0.386124 -0.084306 0.567682 0.172500 0.350325
1.114937 0.994081 -0.685368 0.416549 0.417731 0.127318
1.270567 -0.363856 -0.428929 -0.405736 -0.188300 -0.056520
0.290864 -0.072390 -0.042821 0.506412 -0.098605 -0.206235
0.112081 -0.107050 -0.002937 0.753442 0.548190 0.691298
0.034567 -0.418373 -0.153106 0.252222 -0.121724 -0.083032
-0.754617 0.027461 0.298916 0.333218 0.037346 -0.370794
1.021480 -0.825620 -0.518078 -0.143065 0.532580 -0.400836
0.093088 0.194402 0.400166 0.495040 -0.042898 -0.364270
0.288204 -0.457944 0.015871 0.041828 -0.029664 -0.078764
-0.831216 -0.852516 0.256948 0.003724 0.388193 -0.387101
0.474571 -0.208202 1.594549 -0.363894 -0.680363 0.147282
-0.040188 0.127644 -0.481038 0.548096 -0.699801 0.239523
-0.175393 0.337359 -0.128879 0.853320 0.652327 -0.538292
-0.033830 0.438986 -0.159793 0.727420 0.052253 -0.368083
0.809430 -1.313306 -0.808709 0.045926 -0.125787 0.434261
2.307746 -0.545088 1.660651 -0.156483 0.378747 -0.300430
-0.101314 0.025471 1.199814 -0.102601 0.001004 -0.289872
-0.726053 -0.996397 -0.013766 0.253875 -0.083514 0.577529
-0.135845 0.112673 0.480610 -0.199372 0.835103 -0.448010
-0.126857 -0.119697 -0.060230 -0.746037 0.113611 0.197492
-0.255659 -0.012098 -0.214192 -0.388397 -0.080620 -0.504767
0.657401 0.493558 -0.137297 -0.761062 -0.287834 -0.287391
0.418705 -0.828239 0.137646 0.225568 -0.465232 0.281548
-0.037433 -0.286732 -0.254157 0.355818 -0.186900 1.100941
0.462134 -0.663962 0.419391 0.435268 0.262709 0.706845
0.323514 -0.305062 0.293701 0.663096 0.348485 0.285673
-0.496272 -6.126035 -4.020725 0.067164 0.062216 0.319843
-0.881785 -0.221150 0.583596 -0.338758 -0.092355 0.186710
0.500881 -0.619517 -0.542341 -0.040852 0.271519 0.088670
0.219667 -0.224510 0.132526 -0.558185 1.238074 0.093602
0.689327 0.406413 -0.083633 0.167980 -0.039647 -0.078334
0.182156 -0.564774 -0.086971 0.719665 0.594273 0.130424
-0.147435 0.405587 -0.174760 -0.705174 -0.231136 0.220951
0.206499 -0.606402 0.153604 -0.322323 -0.015591 0.285577
-0.653937 -0.200649 0.188414 0.553650 -0.105594 0.090022
-0.307208 0.559041 0.200127 0.136466 -0.681005 -0.396821
-0.304724 -0.274274 0.270226 -0.320157 -0.002854 0.316115
1.237160 0.532481 -0.823300 0.153061 0.128629 0.063289
-0.345193 0.663531 -0.920914 0.000306 -0.213085 0.061517
-0.009537 -0.188523 -0.005742 0.385038 0.595360 -0.052930
-0.300714 0.184030 -0.383353 0.274755 0.391320 0.877644
-0.265036 0.087060 0.539883 -0.001696 0.215694 0.125214
1.499897 -0.025293 -0.028105 0.274430 -0.387539 0.380547
-0.294098 0.293192 -0.096478 -0.447717 -0.097634 -0.097027
-0.751545 -0.397920 0.326767 0.491096 -0.307602 -0.111706
-0.210018 -0.336365 -0.046584 -0.251086 1.084889 0.360057
3.892991 -0.218015 9.358901 0.026248 -0.021785 0.050373
-0.221195 -1.398105 -4.180736 0.068478 -0.055903 0.227379
-0.286570 -0.096721 -0.167317 0.305582 0.669176 -0.511451
-0.057332 0.202785 -0.171746 0.064810 -0.187605 -0.656393
0.219475 -0.034671 0.044024 0.223023 -0.900050 -0.388665
-5.286737 0.686986 0.523101 0.344644 -0.050875 -0.148907
-0.015777 -1.788151 -0.415478 -0.113660 0.300880 -0.076202
0.317206 -0.246575 -0.166416 0.414841 -0.115939 0.493725
