-0.202825 -0.143174 0.141673 0.139099 0.306717 -0.559315
0.318710 0.651682 0.136581 0.245638 0.304224 0.174706
0.341918 -0.302568 0.019833 0.081705 -0.063960 -0.228877
-0.354223 0.113128 -0.363930 -1.188224 -0.230956 0.413561
-2.133734 -4.492269 0.048752 0.286447 0.077124 -0.033814
-0.133864 0.133971 -0.247857 0.255812 0.200590 0.039768
-0.676459 0.901726 -0.306465 0.031844 0.084395 -0.635316
1.298576 0.278879 -0.238684 -0.149042 0.311739 0.104629
0.035213 0.799996 0.240723 0.042414 0.473473 0.530271
-0.004778 0.236894 0.024049 -0.019923 0.525865 0.312120
0.408352 0.092820 0.719511 0.066766 -0.308831 -0.342200
-0.298172 0.818689 0.169108 0.303453 0.456757 0.127396
0.600588 0.291035 -0.323511 -0.177640 -0.353560 -0.118533
1.435539 0.335487 -0.158436 -0.276699 0.106429 -0.408713
-1.332034 -3.090945 0.953263 0.388181 -0.067082 -0.005504
0.189068 0.555516 -0.266077 -0.422078 0.776223 0.015884
0.207025 0.330819 0.043510 0.589970 -1.696839 -0.706658
0.312162 -0.498351 -0.373443 -0.104271 0.146908 0.320577
0.167167 0.483703 2.745283 -0.103365 -0.037022 -0.123519
0.013800 0.610450 -1.224603 -0.287086 -0.278930 -0.071068
-0.148479 0.885047 -0.469528 -0.576949 -0.681692 0.621849
0.039099 0.851981 0.058072 0.097472 0.111149 -0.041663
-0.336524 -0.027291 -0.526079 -0.051068 -0.736075 -0.472886
0.577579 -0.895106 0.585564 0.224940 -0.049661 -0.123037
-0.443711 0.436611 0.271424 -0.637148 0.722332 -0.170582
-0.005150 0.354805 -0.085214 0.660106 0.131049 0.577249
-0.835515 0.074719 -0.486447 0.306078 -0.502584 -0.099700
1.229882 0.045320 -1.550733 0.480104 -0.164836 0.243115
-0.243113 0.098838 0.431915 0.149823 -0.025436 0.528691
-0.026097 0.067587 0.031744 -0.356362 0.462492 0.131570
