0.286684 0.499657 -0.154147 -0.045772 0.315120 -0.299089
0.744059 -0.531444 0.192925 -0.286430 0.187914 -0.177296
-1.311431 -0.633905 -0.601609 -0.519135 0.122432 -0.557711
0.205696 -0.127958 -0.356927 -0.195152 0.685093 0.447651
-0.105186 -0.001969 -0.349866 0.350238 -0.303797 0.340818
0.550923 0.489937 0.063554 -0.077772 0.285806 -0.419847
0.162535 0.030470 -0.279542 -0.256107 0.767394 0.219817
-0.062545 -0.873823 0.495537 0.194664 0.060530 -0.621767
-0.167835 0.005166 -0.308307 0.264418 -0.583134 -0.317213
-0.994293 0.713715 -0.062417 -0.125784 0.258240 0.180862
1.320916 0.421470 0.089103 -0.557927 -0.507559 0.016521
-0.069741 -0.026823 -0.640641 -0.932557 0.290676 -0.048295
0.271548 0.623501 0.530362 -0.627484 0.037397 -0.529294
-0.339830 -0.706683 0.667029 -0.348579 -0.137582 -0.164652
-0.222804 -0.050972 0.123217 0.185835 -0.676592 -0.151570
-0.845443 -0.693912 -1.000752 -0.188196 -0.233396 0.301404
-0.128281 0.502419 0.277601 -0.578643 -0.329388 0.475999
0.263192 -0.305642 0.891688 0.179196 -0.298279 -0.315984
-0.604401 0.365342 0.330457 -0.199332 0.121172 -0.241261
-2.030643 -0.436463 0.530445 0.220995 -0.381806 -0.006454
-0.050010 -0.099228 -0.202881 0.306677 -0.815347 0.117936
-1.086668 -0.084373 0.599243 -0.424179 -0.336308 0.105053
-0.126316 -0.236258 -0.988306 -0.327828 0.117843 -0.135226
0.082383 -0.124801 -0.658391 -0.122070 0.078792 0.315795
1.031771 -0.517193 -0.410231 -0.189466 0.104167 -0.141827
0.120262 1.277790 -1.989670 0.145504 0.084500 -0.151172
-0.434290 -0.007899 0.225938 0.297628 -0.166805 -0.758988
-0.419223 -0.467172 -0.095282 -0.371869 -0.470327 0.071496
-0.692511 -0.234838 -0.296051 0.025632 -0.042492 0.678032
0.572105 0.049832 -0.202912 0.265760 -0.593152 -0.820909
-2.140264 -0.350294 0.746790 -0.035956 0.481260 0.331999
0.072643 2.003608 -1.461111 0.153132 0.223926 0.478776
-0.167199 0.973024 -0.264191 -0.349995 0.396927 0.037721
0.009887 2.412543 2.777088 0.163258 -0.371875 0.073272
-0.093937 -1.138690 0.778123 -0.201864 -0.407333 -0.154042
-0.618558 -0.726389 -0.624522 0.157620 -0.197208 0.292317
-1.086207 0.797490 0.163421 0.148708 -0.124294 0.310261
-0.897009 1.651452 -0.031967 -0.037979 -0.070505 -0.367710
-0.698812 -0.447329 -0.149195 -0.241753 0.374723 0.238479
-0.223823 0.053926 1.078913 0.420259 0.196105 -0.048873
0.356636 -0.633079 0.660688 0.356167 0.008609 0.342146
-0.266345 0.533635 -0.189194 -0.399098 -0.080506 -0.435541
-0.534201 0.194888 0.088591 -0.445343 0.296424 0.881936
-0.266784 0.138639 -0.331017 0.992033 -0.761092 0.131178
0.428933 0.223742 -0.362150 0.106899 -0.141932 -0.607764
-0.058590 0.385707 0.203921 -0.432620 -0.404681 0.573200
-0.531280 -0.324809 0.178677 -0.165929 0.381423 -0.445755
0.048438 0.067218 -0.234571 -0.665889 -0.092274 -0.324352
0.261913 0.051347 -0.529055 -0.045583 -0.457543 -0.637945
-0.949382 0.416791 -0.572757 -0.236361 -0.164138 0.099771
0.067572 -0.103250 -0.307930 -0.651292 0.546388 0.031863
0.100264 0.376951 0.094381 -0.202158 -0.878463 -0.431633
-1.448545 0.704043 -0.608609 -0.492751 0.302329 0.015101
1.385409 -1.695554 0.011234 0.019552 0.095190 0.346761
1.280276 -0.727144 -2.025873 0.022398 0.225497 -0.062390
0.253000 0.594056 -0.741474 0.113012 -0.180521 0.110399
-0.048062 -0.485314 0.139087 0.171139 0.157805 0.565043
-0.097349 -0.658731 0.006173 0.021348 -0.176132 0.188638
0.174998 -0.112279 -0.100162 0.030454 -0.475374 -0.605874
-0.919364 0.506918 -0.025220 0.423666 0.480479 -0.464332
-0.226997 -1.627704 -1.177533 0.554644 -0.464496 -0.050199
0.155771 -1.118562 -0.700270 -0.282138 0.385356 0.344672
0.296635 -0.266170 0.245674 -0.390728 0.022179 -0.839283
0.285777 0.311785 0.242233 -0.434012 -0.511668 0.258597
-0.981971 -0.100597 0.147325 0.103285 0.138660 -0.370544
-1.751188 0.901358 0.174325 0.351471 -0.309135 0.164004
0.332835 -0.053749 0.728071 -0.181128 -0.216482 0.030149
1.572534 1.290765 -3.142569 0.054713 0.070769 0.178144
-0.160382 -0.032350 0.126697 0.095357 0.613098 -0.178763
0.186440 -0.149725 1.111159 0.017058 0.050188 0.466405
0.402969 0.103002 -0.138554 -0.366374 0.263586 0.331233
-0.472997 -0.203435 -0.179160 -0.150677 -0.331077 0.118944
0.544459 0.404838 -0.515183 0.353027 -0.007581 0.394340
-0.052951 0.055673 0.246247 1.073918 0.207121 0.198195
0.034563 -0.251216 -0.214147 1.037654 -0.140226 -0.367701
-0.936962 -1.228547 0.917791 -0.610593 -0.181709 -0.157819
0.507813 -1.075894 -0.815352 -0.009620 -0.743075 -0.008015
0.123509 -0.153964 0.261967 0.327074 -0.675152 -0.524942
-0.900250 0.309042 -0.477568 0.504785 0.121047 0.281998
0.260720 -0.233340 -0.058217 -0.388190 -0.140883 -0.321607
-1.097545 -0.391924 0.472519 -0.013081 0.274952 0.233964
-0.548981 1.191741 1.220053 -0.091288 -0.021634 0.550577
0.732361 -0.146951 -0.466505 0.601684 0.560872 0.412792
-0.146323 -0.571583 -0.122146 0.119208 -0.831908 -0.400312
0.026221 -0.468236 0.278196 -0.740472 -0.395786 0.732276
-0.037587 -1.830075 -0.867863 -0.385791 0.182365 -0.224815
0.397394 0.481098 -0.610736 0.403094 -0.234538 0.034958
0.290565 0.269630 -0.529180 -0.766787 -0.104172 -0.661843
0.179059 0.503229 0.040978 0.818668 0.501151 -0.276506
0.163188 1.288767 0.370310 0.393100 -0.053072 0.052396
0.024309 -0.172896 -0.264609 0.462467 -0.838672 -0.207678
0.123354 0.435195 0.288097 -0.136229 0.476243 0.550901
-0.447535 0.011606 0.244869 -0.442451 0.477442 -0.956388
0.157223 0.137379 0.271574 -0.632884 -0.447110 0.116213
1.279123 -1.063904 0.928317 -0.139092 0.081117 0.334545
0.333889 0.073967 -0.631520 -0.337601 -0.334216 -0.283329
0.686172 -0.693899 0.661714 -0.308837 -0.198976 0.418306
-0.194761 -0.369096 -0.310757 -0.253498 0.762865 0.716872
-1.241907 0.540336 -0.883669 -0.082347 -0.446328 -0.210848
-0.671049 -0.404871 1.238818 0.263007 -0.008309 -0.007387
0.103501 0.285410 -0.307791 0.093195 -0.064693 0.182779
-0.851985 -0.550806 0.671041 -0.011536 0.428512 0.625903
-0.628182 1.379165 0.379228 -0.434485 0.416736 -0.229657
0.828949 -0.168978 0.181745 -0.062263 -0.733370 0.043315
-0.387292 -0.290617 0.347934 -0.346736 -0.292408 -0.390130
-0.898032 0.511046 0.364470 0.244187 -0.094249 0.042380
-0.195775 -0.462416 -0.500109 -0.313419 -0.271994 -0.291095
-0.178375 -0.295132 0.178285 0.175846 -0.297888 -0.388372
0.017805 0.211952 -0.163842 -0.660294 0.850208 0.437511
-0.219909 0.324180 0.256132 0.927909 -0.130821 -0.063801
-0.304823 -0.428157 -0.177108 -0.189112 0.014641 0.306282
-0.056994 -0.207615 0.233604 -0.040642 -0.468897 1.267903
-0.246187 -0.291995 -0.114779 -0.600215 0.017525 -0.893360
0.211449 -0.918207 1.361960 0.117242 -0.149624 -0.157430
-0.216128 -0.069188 -0.260395 0.443230 -0.345599 0.052475
0.336616 0.104439 -0.161418 -0.573105 -1.040001 -0.431706
-0.661847 -0.063625 0.110309 -0.234799 -1.035494 -0.435808
-0.481042 -0.215923 0.125069 0.606160 0.135797 -0.128441
-0.514523 -0.443896 0.071846 0.256705 -0.165348 -0.662017
-0.304113 -0.536651 -0.226978 0.213999 -0.490062 -0.002916
-1.521798 0.881891 -0.141609 -0.044498 -0.307421 -0.022571
0.523492 0.011962 0.373433 -0.172969 -0.627513 -0.223850
0.415231 -0.682818 0.112168 0.246578 0.042054 -0.096246
-1.776673 -0.995662 0.603423 0.117598 -0.116877 0.167627
0.402408 -0.028200 0.103605 -0.460861 -0.442631 -0.558446
0.124815 -0.635964 0.808952 -0.081934 0.100371 0.002250
-0.661696 1.696411 -0.296229 -0.059547 -0.262714 0.539659
0.615031 -0.383459 0.187325 0.098026 0.481406 0.235649
-0.151625 0.378811 0.100941 0.009109 0.277507 -0.567983
-0.343839 -0.040945 0.087731 0.619841 0.490066 0.341604
0.853434 -0.403926 -0.270725 -0.029270 -0.141693 -0.308019
0.056175 0.462263 -1.264039 -0.021734 -0.267198 0.224394
1.951790 0.261278 1.511439 0.099619 0.216371 0.536734
0.025818 0.089059 -0.343701 0.628334 -0.485671 -0.441941
1.028281 -0.188249 0.625777 0.113671 0.027810 -0.277752
0.109443 0.338153 0.356350 0.148807 0.547307 -0.772029
-0.253104 -0.241876 0.703855 -0.159195 -0.151019 0.123295
0.137493 -0.169965 -0.095647 0.339448 -0.454023 -0.547342
-0.396711 -0.034836 0.751139 -0.044257 0.603364 0.122582
0.467993 1.190873 -0.473781 0.019144 0.686599 -0.122134
-0.315292 -0.590066 -0.050433 0.006573 -0.847882 -0.445566
-0.589348 -0.387544 -0.296464 0.096728 0.797554 -0.175612
-0.405864 -0.219046 0.105854 -0.311393 0.292783 -0.071159
-0.185899 -0.030934 -0.080296 -0.588294 0.363769 0.566195
-1.083204 0.056075 -0.646995 -0.535601 -0.146545 -0.113255
0.138226 -0.140034 0.784425 -0.017348 -0.287305 0.531945
-0.078692 0.226263 0.313790 -0.402096 0.804698 0.464884
0.072703 -0.233846 0.267940 -0.729839 0.133607 0.042113
-0.752330 0.459570 -0.246347 0.668959 -0.603204 -0.211694
-0.137094 0.574798 -0.710179 -0.098552 -0.100449 -0.338034
0.668159 -0.478102 0.317110 -0.414220 -0.129591 -0.006629
-0.411541 0.235763 -0.346173 -0.416531 0.437307 0.165931
0.429980 0.016532 0.399680 -0.184142 0.147014 -0.674890
0.185291 0.511983 -0.658987 -0.151967 0.307482 0.106767
1.263252 -0.603615 -0.176869 0.135053 -0.627657 0.133435
0.162930 -0.181969 -0.510270 0.152740 0.194923 0.487301
0.688138 -0.436564 -0.413562 0.259317 0.155717 -0.552964
-0.476850 -0.467801 0.060954 0.151327 0.297367 0.834504
0.253979 0.528403 0.874264 -0.443764 0.109543 -0.129248
-0.226825 0.027302 0.002527 0.947607 -0.623645 0.494724
0.954773 3.160278 -1.362791 0.096282 0.021188 0.350433
-0.849670 0.101148 -0.205819 0.820670 -0.422371 -0.147360
0.399821 0.369242 -0.525380 -0.741167 -0.037096 -0.128748
1.026930 0.763713 0.354851 0.205808 0.187124 -0.392115
-0.107405 -0.036051 -0.387700 -0.091840 -0.012969 -0.067528
-2.948868 -4.282581 -0.040951 0.027508 -0.139060 0.051137
-0.510181 -1.355054 0.789197 -0.305824 -0.178663 -0.146601
1.103223 -0.361649 -1.002137 0.175544 -0.405272 0.411387
-0.647813 0.835466 0.191624 -0.334444 0.091997 -0.171582
-0.488354 -0.388437 -0.079770 0.587959 0.057651 -0.666323
0.349487 0.506709 -0.221008 -0.409159 0.739173 -0.360071
-1.328597 1.811317 -0.603438 -0.213624 0.305717 0.197985
-0.453433 0.308716 0.198640 0.094482 0.187337 0.069033
-1.139004 0.938826 -0.531974 0.660459 -0.444463 -0.095226
-0.086135 -0.328141 -0.135158 -0.644029 -0.020445 0.272500
-0.006168 0.042443 -0.600745 0.348443 -0.611087 -0.516705
0.162181 0.141590 -0.333290 -0.482095 0.460246 0.147537
-1.163463 -0.744067 -0.580898 0.211551 -0.179781 0.125389
0.595642 -1.382672 -0.070788 0.234861 0.079067 -0.085629
-0.029564 -0.288343 0.701806 0.118557 0.442135 -0.144136
0.345596 -0.332365 -0.111489 0.035935 -0.797635 -0.579668
-0.040654 0.975945 -0.502885 0.283108 0.681262 -0.055644
0.023458 0.639129 -0.720798 -0.470569 -0.082091 -0.133165
0.538824 -1.738198 0.731574 0.041463 0.297577 0.051101
0.396836 0.023025 0.278997 -0.552444 -0.137614 0.091183
-0.069250 0.207770 1.318728 0.214527 0.134743 0.529531
-0.204350 0.994460 0.064015 0.362829 -0.135207 -0.123532
0.078806 0.943700 -0.446561 0.078307 -0.178430 0.347572
-0.130002 0.330484 0.152394 0.428709 -0.512641 0.345096
-0.499498 -0.019925 -3.197688 -0.283809 -0.052517 -0.314613
0.274175 0.423062 0.010285 0.541600 0.602790 0.230561
-0.022932 -0.880586 0.536753 0.649120 -0.113145 -0.274824
-0.244368 -0.183552 0.401978 0.275816 -0.031410 -0.526186
0.475992 0.002874 0.074027 0.090888 -0.135156 0.402107
0.169498 0.441641 -0.311347 0.333149 0.054955 0.217741
0.316922 1.321958 0.929053 0.284967 -0.053687 0.402718
-0.641506 -1.062549 -1.830356 -0.070298 0.159674 0.006207
-0.044236 0.515793 0.175383 -0.146890 -0.264046 0.856752
-1.342928 0.500758 -0.893750 -0.265020 -0.260291 0.163162
0.037970 -0.367674 0.013489 -0.619544 0.968460 -0.248029
0.028629 -0.024912 -0.133978 0.143765 0.144390 -0.715137
-0.917725 -1.966166 0.577540 0.482446 0.296835 0.075123
-0.175457 -0.610602 -0.624880 0.073852 -0.256287 -0.055756
-0.491397 -0.299852 -0.438424 0.185143 -0.251174 0.043414
-0.105282 -0.007940 -0.002304 -0.104577 -0.043597 0.821734
-0.534605 -0.375545 -0.614867 0.003614 -0.178350 -0.732958
-0.053807 -0.108529 -0.084385 0.049075 0.859817 -1.555049
0.462909 -0.049072 -0.510500 0.287849 -0.933704 0.376510
0.140812 -0.702595 0.624437 -0.013930 0.294547 -0.006897
-0.344258 -0.380500 0.394612 0.112851 0.134374 -0.205283
0.047121 0.103505 0.094489 0.457717 0.065103 -0.384503
-1.399284 -0.416237 0.126478 -0.425005 0.212406 -0.458301
0.374181 -0.691877 1.307156 0.132602 0.234639 0.456690
-0.272520 -0.325170 -1.968379 0.568872 -0.287731 -0.067672
-0.078074 0.317207 1.530695 0.059973 0.114114 0.400402
-0.476095 0.528300 -0.456567 0.203282 0.174574 0.403076
0.448838 0.457040 0.187657 -0.330760 0.113073 0.082456
-1.480173 0.121646 0.093619 0.357506 -0.114691 -0.227843
-0.569416 0.117639 0.881692 0.628939 0.139356 -0.035888
0.805516 0.985307 1.000245 0.164380 0.394622 0.113593
-0.344585 -0.325357 -0.280998 -1.186620 -0.295801 0.191180
1.934771 -2.854883 4.649669 0.208034 -0.209157 -0.152943
0.019390 -0.500258 -0.514503 -0.345131 0.452206 -0.269099
0.217555 -0.615790 -0.505553 0.121925 0.144565 0.613250
-0.673039 0.378522 -0.734057 -0.331939 -0.481410 0.534735
-0.651714 0.353887 -0.125174 0.159543 -0.157190 0.646976
0.467087 -0.251302 -0.631376 0.063172 0.173547 0.536221
0.079204 0.479229 -0.033096 0.594560 -0.142957 0.204193
0.463577 1.251160 -0.636966 0.040438 -0.267455 -0.276120
-0.329656 0.174679 0.965711 0.102822 0.211465 0.684210
-0.703445 -0.220639 0.127160 0.548397 0.077266 -0.008352
0.505175 0.815304 0.716220 0.116715 0.022115 -0.350876
-0.000595 0.575348 -0.178828 0.259728 0.637664 -0.148156
-0.151084 0.166455 0.171467 0.343430 0.214192 -0.732970
0.228205 -0.007625 0.195277 0.180772 -0.578444 -0.345384
0.005667 0.426089 -0.078051 -0.075661 -0.404405 -0.524871
0.957316 -0.160640 0.478596 0.110474 -0.111262 -0.048914
-0.094704 0.110929 -0.155399 -0.138169 -0.214639 -0.127775
0.641957 0.469089 -1.123616 0.211867 -0.011024 -0.132282
0.077954 1.973730 -1.683302 -0.083319 0.458583 -0.024756
-0.701103 0.780242 0.331996 -0.152483 0.046587 -0.200712
-0.602011 -1.450489 0.775822 -0.093253 -0.223896 -0.037543
-0.652353 0.158569 -0.360538 0.440583 0.452301 -0.482972
-2.236374 -0.414257 -1.369599 0.242335 0.127303 0.078435
0.009999 -1.893964 -1.064632 0.161519 -0.367602 -0.189668
-1.687116 1.123221 0.195883 0.494621 -0.249718 -0.546402
1.397512 -1.633976 -0.206565 0.129147 0.194974 0.440254
0.012246 -0.565064 0.226908 -0.167556 -0.394953 -0.426702
0.037180 -1.681435 -0.068090 -0.139539 -0.105299 -0.034714
-0.354882 0.073980 0.443166 -0.035705 0.248811 -0.781001
-0.185486 0.159171 -0.272803 -0.802120 -0.345153 -0.668758
0.121599 0.433052 -0.980921 -0.024092 0.033138 0.138973
-1.419155 0.420927 -0.155465 0.574781 -0.184359 -0.256074
0.575139 -0.748942 0.304739 0.080009 0.439176 -0.742989
0.056634 -0.447407 -0.184570 -0.021397 0.268508 0.077639
3.287582 -1.718386 2.927221 0.172625 0.421866 0.038401
0.259956 -0.001795 0.420634 0.517759 0.127924 -0.546264
-0.072790 0.105747 0.035791 1.396586 0.808436 0.528320
0.602799 0.887114 -1.875489 0.202179 0.648791 -0.264222
-2.712970 0.868524 0.188415 -0.039692 0.142418 -0.397648
-0.718000 -1.933183 0.661296 -0.306055 0.002309 -0.102402
0.731358 0.021819 0.648144 0.324267 -0.772332 0.336940
-0.423295 -0.378747 0.167321 0.621241 0.012066 -0.738635
-0.824209 0.750269 1.388986 -0.013327 -0.168367 0.297141
0.606835 -0.970717 -1.074796 0.417000 -0.116568 0.300759
0.036402 -0.423169 0.464998 -0.031813 -0.614443 -0.337118
-0.943590 0.355518 0.589344 -0.337504 0.737399 -0.116304
0.025745 -0.485462 0.393266 -0.081261 0.593344 0.597961
1.632559 1.274954 2.653936 0.276162 -0.302311 -0.003931
0.095255 -0.083062 -0.129407 -0.847519 -0.407210 -0.035859
-0.077223 -0.995061 0.158322 -0.252957 0.143294 0.401064
0.727897 1.076207 0.004873 -0.129935 0.288781 -0.045876
-2.409846 -2.482073 -0.445266 0.131869 -0.190049 0.213072
1.095320 -0.550261 1.433910 0.050077 0.102860 0.292374
-0.514278 4.679549 2.039878 0.103949 -0.141898 -0.166355
-0.744822 0.125218 -0.217681 -0.521406 0.132697 0.444439
-0.002500 1.558679 0.984589 -0.030722 0.433447 -0.240464
-0.336831 1.045123 0.168670 -0.271181 0.480542 0.451357
-2.696384 -3.950030 1.897475 -0.184462 -0.070371 -0.052540
-0.415597 -0.731687 3.417713 -0.036954 -0.203837 0.041873
-0.312764 -0.784475 1.691013 -0.464914 -0.007006 -0.298083
-0.310818 -0.526781 -0.575126 0.140734 -0.252098 -0.732940
0.292648 0.250606 0.330106 0.795070 0.049702 0.797959
-0.177427 0.276306 -0.283952 0.850318 0.110937 -0.084506
-0.598493 -0.046190 -0.156620 0.041800 0.733558 0.121307
0.597997 -0.316605 0.136422 -0.559624 -0.030163 0.241249
0.312025 0.492320 0.547100 0.029739 0.352620 -0.688874
0.253199 0.417847 -0.197084 -0.583806 0.874777 -0.242624
-0.555761 -0.013139 0.279127 0.045062 -0.098015 -0.144694
-1.093941 0.282118 -0.830737 -0.268892 0.685219 0.141209
0.079047 -0.504494 -0.354373 0.232020 -0.220106 0.326193
-0.223474 0.070706 -0.044022 0.223029 -0.119788 -0.140087
21.756213 -9.789605 6.654465 -0.104299 -0.013072 0.013959
-0.035164 0.126538 -0.209977 0.692902 0.144559 -0.582554
0.822223 0.666683 -0.327965 -0.165220 0.173638 0.429809
0.270114 0.011492 0.495483 -0.287752 -0.528115 -0.284109
0.182211 -0.072961 0.201872 -0.900834 0.241037 -0.237221
-0.336654 0.525637 0.204195 -0.324931 -0.257470 -0.251615
-0.156130 0.070825 0.322821 0.505344 -0.258552 0.158691
-0.206655 0.161135 0.564244 -0.315572 0.076272 -0.694747
0.402391 0.557159 0.150989 0.190627 -0.367526 -0.138496
-0.375163 0.500288 -0.410987 0.486184 -0.088635 0.456535
30.391250 -22.863180 4.431607 -0.002201 -0.102646 -0.038536
0.678659 0.228145 0.400305 0.403819 0.157870 -0.058419
1.399094 0.293808 0.414889 -0.075430 0.188284 0.112554
-0.459787 0.029173 0.185142 -0.715488 -0.656847 -0.362775
-0.971164 -0.009048 -0.433171 -0.461900 0.203041 0.687608
0.496806 -0.973365 0.218609 0.340168 -0.104702 -0.196795
-0.428693 0.225317 0.338869 0.107450 0.401149 -0.921478
-0.150175 -0.000135 -0.465886 0.490902 0.895542 0.015631
-0.418252 -0.160265 -0.891872 0.438401 -0.397989 -0.603550
-0.029392 -0.359771 -0.200444 -0.830309 -1.016065 -0.163568
0.172201 -0.154137 0.437425 0.519223 0.140184 -0.327722
-0.161401 0.685489 1.580302 0.473134 -0.432246 0.273839
0.299461 -0.096598 -0.779059 -0.091514 0.326369 0.026629
-0.401464 -0.805846 0.044063 -0.831585 0.145204 0.605364
0.138696 -0.809907 0.738195 0.184617 -0.341686 -0.219894
0.267506 -0.104460 0.015201 -0.193009 -0.564030 0.910907
0.109540 0.081651 -0.084156 0.641926 -0.905788 0.532379
-0.361371 0.044161 -0.358982 -0.199116 0.666083 0.725268
0.005362 -0.297727 -0.337201 0.362310 0.441836 -0.184066
0.285800 0.060172 -0.194989 0.109193 -0.388313 0.521919
0.169139 0.075169 0.176546 0.087119 0.083800 0.049781
0.723280 -0.117203 0.153344 -0.504944 -0.226779 -0.469925
6.820840 0.392855 1.817323 0.057944 -0.270149 0.001219
-0.952968 1.960912 -1.669447 -0.046201 0.142401 -0.036587
-0.469512 0.473686 0.384083 -0.418165 0.224211 -0.035809
-0.401654 0.413488 -0.459806 0.177697 0.086287 -0.520960
0.593114 1.163979 0.901279 0.025919 -0.301487 0.253102
-0.294191 0.293348 0.259105 -0.155304 0.788540 -0.952955
-0.370383 -0.026244 -0.631136 -0.020883 -0.013990 0.778143
-0.085618 0.322253 0.194278 0.156391 0.205027 0.895710
-0.045003 0.375320 -0.014336 -0.044448 0.247236 -0.361743
-0.064631 0.501844 -0.073985 0.628437 -0.145541 -0.213649
-0.276657 -0.485892 -0.375654 -0.035844 -0.049701 -0.130012
1.390719 -0.272424 -0.904051 -0.094783 0.095188 0.155188
-1.029539 0.023724 0.922329 -0.086242 -0.217312 -0.157651
0.407184 0.207952 0.125347 0.225366 -0.571664 0.196036
-0.109778 0.367460 0.080172 -0.352430 0.705183 0.669545
-0.295865 0.059221 -0.189418 0.553958 -0.334938 -0.958758
-0.200480 -0.842926 0.213332 -0.245832 -0.098900 -0.259718
1.772696 1.451052 -2.184725 0.224670 -0.432424 0.108208
0.612402 -1.128986 -0.813108 -0.279966 -0.089321 0.108539
1.938057 0.165696 0.908104 0.110104 -0.244219 -0.283885
0.163240 -0.189641 0.352840 -0.198418 -0.765627 -0.017638
0.392771 0.374155 -0.514311 -0.281437 -0.390669 -0.338971
0.664468 -0.385468 1.723434 0.282766 0.360423 -0.236000
-0.808644 -1.337051 -0.531808 -0.372210 -0.001230 0.380388
-0.133786 -0.506291 -0.034524 -0.699716 0.219548 0.421861
0.483734 0.059243 -0.039094 -0.173706 -0.134811 -0.376289
-0.431495 -0.272581 0.161570 0.433125 0.122586 0.937006
0.695970 -0.134728 0.007152 0.298031 0.240531 -0.180466
0.894653 0.369737 -0.045246 0.107855 0.013663 -0.473774
-0.324875 0.031120 -0.524488 -0.508646 -0.086500 0.279539
-0.350110 0.691572 0.645160 -0.377086 0.056165 -0.395275
-0.374809 -0.005485 -1.119652 -0.383098 0.135543 -0.550847
-0.309083 -0.299245 -0.166974 0.324558 -0.906979 -0.836346
0.225757 0.204806 -0.389969 0.509562 0.224646 0.224945
-0.412404 -0.326327 -0.235743 -0.736427 0.145141 -0.590972
0.323705 0.099335 -0.449429 0.405867 0.312227 0.173229
1.463472 1.199660 1.672346 0.335808 -0.037973 -0.173841
0.476099 0.451955 0.123277 0.234165 0.433724 0.076766
-1.136892 -0.437805 0.553928 -0.201700 0.058190 -0.505815
-0.627075 0.749338 -0.209874 0.218682 0.344806 -0.519877
0.316497 -0.146201 0.266909 -0.012726 0.533121 -0.554930
0.517476 0.365643 0.495981 -0.257822 0.273019 -0.150932
0.099298 0.438011 -0.191470 -0.123556 -0.072943 -0.416887
1.094610 1.637524 -1.125782 0.025740 -0.123274 -0.512260
0.309413 0.525377 -0.208416 0.764133 0.311350 -0.221517
-0.068272 0.922816 -0.036797 0.622192 0.016854 0.265278
0.653432 -0.999061 -0.220877 -0.198561 0.104668 0.089902
0.519108 -1.367581 -0.093880 -0.184958 0.115468 0.164237
-0.605218 0.147896 -0.129399 -0.294904 0.110999 0.575430
-0.205800 0.009607 0.149837 0.508063 0.215520 -0.130108
0.769749 -1.658264 1.195932 0.437172 -0.178105 0.038756
0.509798 -0.237076 0.610657 -0.439785 0.760869 0.240426
0.232070 0.387673 2.104167 0.222360 -0.184015 0.128078
-0.712727 0.889252 -0.255460 0.075170 0.170003 0.060383
-0.232821 -0.944504 -0.555837 0.100905 0.430677 -0.245095
-0.054818 -0.061201 0.213525 -0.006502 0.605441 0.730143
0.198449 0.047991 0.693512 -0.517364 0.411410 0.501099
-0.776284 -0.691675 1.232917 -0.164355 -0.184044 0.075700
-0.963090 0.268653 -0.952518 -0.053950 0.194188 0.393275
-0.162823 -1.039360 -0.259392 0.096534 -0.138732 0.287977
0.424012 0.209742 0.144315 0.090915 -0.801677 0.296088
0.041556 -0.177483 -0.588842 -0.675167 0.248847 0.155224
-0.509520 -0.525013 -0.443404 -0.371533 -0.256519 -0.136083
-0.562340 -0.014025 -0.022787 -0.467650 -0.321826 1.012084
-0.963519 0.555581 -1.074865 0.065769 0.021987 0.295903
-0.318003 0.752240 -0.203244 -0.781906 -0.573716 -0.071548
-0.246303 -0.586468 -0.086259 -0.454122 0.660063 -0.230564
0.560848 -0.553779 -0.311216 -0.888927 -0.369910 0.072502
-0.655308 0.165472 -0.359452 0.623981 0.636426 -0.467915
-0.101643 -0.170604 -0.237735 -0.312270 -0.741582 -0.269690
-0.106462 0.042441 -1.067464 0.125634 -0.413372 -0.157854
-0.342804 -0.479975 0.184574 -0.051724 -0.249252 -0.324548
0.363980 -0.106582 -0.017370 -0.103915 0.569094 -0.461333
1.020696 1.441171 0.632662 0.024002 -0.310244 0.031272
-0.079495 -0.234430 -0.094250 -0.352987 -0.472731 -0.886931
-0.881311 0.595468 0.073258 -0.047054 0.581122 -0.444362
-0.135665 -1.605808 0.760852 0.355129 -0.031971 0.154955
-1.151091 -0.164303 0.044534 0.069255 -0.145860 -0.701237
0.750861 0.757134 0.271954 -0.032852 0.386299 -0.149957
1.024557 -1.170045 0.395035 -0.081918 -0.018462 0.321673
-0.484746 0.320645 -0.389012 -0.209883 -0.279870 0.280230
-0.510430 -0.050176 -0.421373 0.162288 -0.295659 -0.433698
-2.390187 -0.695636 0.259738 0.037910 -0.293399 -0.322273
0.402076 0.369965 0.390862 -0.030801 0.658640 -0.427860
-1.728070 0.173153 3.772844 -0.396796 0.168059 -0.138288
-0.034128 -0.039423 0.153351 -0.179469 0.430466 -0.892526
-1.049895 5.941139 -4.416615 -0.029096 -0.063376 0.091717
-0.442386 -0.520116 -0.674613 -0.213965 -0.225605 0.522503
-0.479722 0.964204 -0.124761 -0.061407 0.006444 -0.344382
0.721105 0.911517 0.349233 0.013766 0.338643 0.439862
-0.345321 -0.135989 -0.817664 -0.133242 -0.062570 -0.249873
-0.284683 -0.371578 -0.688433 -0.026229 -0.182121 -0.176034
-0.289641 0.093419 -0.695979 -0.243081 0.327730 0.246840
0.132112 -1.040357 -0.838112 0.390252 -0.278601 0.600244
0.260268 -0.102590 -0.183570 0.032771 -0.651142 -0.277891
0.190610 -0.122336 0.027233 0.219509 -0.297279 0.104688
0.538912 -0.419883 1.115834 -0.262125 -0.115452 -0.160806
-0.130672 0.075772 -0.251692 1.104900 0.755264 -0.741430
-0.393145 0.422178 -1.483634 0.050332 -0.504277 0.046652
0.310894 0.654768 -0.804352 -0.138159 0.119280 -0.836558
-0.182199 0.139174 0.255682 -0.288728 -0.188981 0.665318
-0.237683 0.538067 0.128224 -0.381074 0.177940 -0.468189
0.060940 0.028925 -0.528494 0.065451 0.032732 0.242447
-0.191222 0.217248 -0.333959 -0.162674 -0.730862 0.481756
-0.167630 -0.277671 0.284795 0.283469 -0.854399 0.252435
0.292647 0.540603 -0.128671 0.667013 0.002259 0.177900
0.016731 0.155208 -0.323164 0.703496 0.014483 0.847770
-1.666798 -0.247883 -3.141769 0.237608 -0.046350 -0.090541
-0.198918 0.167878 0.287176 0.037138 0.271300 -0.794943
0.578915 -0.814816 -0.315970 -0.345457 -0.009537 0.210646
-0.142440 0.299938 -0.036150 -0.412747 0.401875 -0.401065
0.256055 0.604623 0.566618 -0.091580 -0.170911 -0.107825
0.048233 -0.251746 0.185452 0.666331 0.101348 0.375582
-0.175807 -0.290033 -0.070819 -0.189393 0.166764 -0.096195
-0.072848 -0.153221 0.176947 -0.178985 0.307021 -0.279977
-0.042417 0.203076 -0.255441 -0.012056 0.664081 0.032624
0.980020 -0.894722 1.133504 -0.490973 -0.243444 0.222232
0.480575 0.849953 -1.048656 0.114064 -0.554819 0.043575
0.243328 -0.588067 0.091486 0.080975 0.606507 -0.157268
0.342769 -0.334603 0.877341 0.637509 0.215371 0.063997
-0.043721 0.262590 -0.230325 -0.048334 0.339118 0.094151
-0.233440 0.110803 0.019653 -0.403809 -0.436218 0.489373
0.227079 0.328311 0.243266 -0.842632 -0.570995 -0.539086
0.101585 -0.095175 -0.506844 0.879100 0.112204 -0.496170
-3.838433 0.469670 1.991089 0.169184 -0.114127 0.222711
-0.171111 -0.211493 -0.081908 0.425344 -1.018044 -0.555368
-0.220024 0.176040 0.017263 0.159285 0.053029 1.222695
-0.227272 0.131491 -0.470432 0.069255 0.353655 -0.715963
0.239108 -0.581583 0.954513 -0.387708 0.085511 0.388344
-0.608138 0.289940 -0.440886 0.491051 0.260453 0.701331
-1.402283 0.121821 -0.064818 0.134325 0.405284 -0.221885
-2.228787 1.008614 1.309951 0.111826 -0.148996 0.356758
0.747160 -0.394612 0.528214 0.132780 0.157385 0.113979
-1.358066 0.184298 0.724528 0.406086 -0.285488 0.265558
-0.088837 0.132454 -0.272834 0.362284 0.236763 0.063929
0.202891 -0.466363 0.322491 -0.583247 -0.065201 -0.573617
-1.020267 1.192415 -2.294160 -0.591879 -0.320850 0.165325
-1.020980 0.236169 -0.145874 0.005112 0.656710 0.447160
0.053898 0.477201 0.808765 -0.202227 -0.383419 0.188593
2.122324 3.680044 -1.946904 -0.064586 0.231440 -0.024177
-0.341492 0.191100 0.046271 -0.018261 0.944403 0.446299
-0.128172 -0.534979 -0.852471 -0.229823 0.665775 0.364017
-0.103309 0.122225 0.009591 -0.872788 -0.487206 0.350118
0.979234 -0.519446 1.523756 -0.224710 0.176240 -0.415560
0.030719 -0.085481 0.253726 0.640776 -1.233738 0.396209
0.094999 0.067356 -0.187041 -0.030547 -0.654482 0.812812
0.607797 -0.511456 -0.258714 -0.173004 0.825627 0.150578
-0.052871 -0.326185 0.284232 0.373751 -0.521133 0.788888
-0.292291 0.166075 0.040370 -0.242868 0.700270 0.055097
-0.821396 -0.901647 1.398420 0.086411 -0.132272 0.421477
0.142982 0.397479 -0.021066 0.023113 -0.151529 0.249321
-0.447041 0.233718 0.171390 -0.196375 0.011549 -0.858657
0.121986 0.848989 0.248517 0.729398 -0.446207 0.085756
0.358414 -0.373737 -0.302777 0.042289 0.011290 0.231499
3.472593 -2.368167 -1.801973 0.211147 -0.103139 0.189960
1.664614 -1.231372 1.308794 -0.321099 0.018393 0.168694
2.409081 0.699019 0.410683 0.380602 0.296855 -0.019035
2.187286 -4.988159 3.557644 -0.098466 -0.099511 -0.199586
-0.808501 0.213718 0.503141 0.125320 0.105856 -0.050769
-0.228231 0.277824 1.623776 -0.297582 -0.188588 0.503218
-1.083184 2.083471 -0.330725 -0.071684 -0.156141 -0.084399
0.919298 -1.001326 0.740228 0.252683 0.160700 0.337948
-0.664040 1.114296 -0.261214 -0.080152 -0.062917 -0.278999
-0.299464 -0.090451 0.102736 -0.270783 0.874691 -0.778009
-0.942382 -0.134863 -0.745367 0.159930 0.001343 0.452696
-0.166549 0.474977 0.626931 -0.052174 0.256083 -0.500781
0.001428 0.505055 -0.074460 0.030372 0.022805 0.099326
-0.076280 -0.227787 0.006079 -0.478064 0.157072 0.240928
-0.137607 0.478827 -0.205598 0.498488 -0.374325 -0.513655
-0.647117 0.046021 0.497474 0.103164 -0.352658 -0.261050
0.367691 0.000360 0.105761 -0.466166 0.661300 0.250059
-0.269539 -0.656540 0.023023 0.231770 -0.992315 0.237870
-0.289669 -0.593745 0.805588 -0.491713 0.212339 0.129820
0.083818 0.362571 -0.113687 0.523614 0.597370 -0.239242
0.073863 0.451835 -0.454232 -0.093353 -0.588328 0.768012
-1.747001 -0.272098 -0.197042 -0.186025 -0.305038 -0.056832
0.185403 -0.612148 0.489692 -0.452118 0.866921 0.337311
-0.252621 -0.224227 1.138462 -0.334587 -0.130168 -0.172455
0.059091 -0.233421 -0.348726 0.057185 0.009716 0.826206
0.136793 0.273640 0.107820 -0.392611 0.413701 -0.465144
-0.550582 -0.134655 0.126813 -0.006214 0.622623 -0.760917
-0.564170 0.536264 0.341268 0.070854 -0.308992 0.099113
-0.562233 0.439062 0.086871 0.253140 0.198667 -0.604332
-0.292805 0.855852 -3.626506 -0.057711 -0.058151 -0.396996
0.022729 0.317004 0.101811 -0.706888 0.550638 0.209940
-0.591113 -0.020157 0.937156 -0.498512 0.322400 0.159686
5.141687 3.454141 -0.653679 0.227969 -0.010891 0.108414
0.012955 -0.917146 0.520901 0.118335 0.451460 0.084048
1.220750 0.799763 -1.907370 0.238967 0.221736 -0.321686
-1.207051 -0.105607 0.165133 0.225189 -0.203640 0.120932
-0.915420 1.464986 -0.776791 -0.362884 -0.331620 0.215529
-0.380921 0.689857 -0.043585 -0.404533 0.499699 0.011701
-0.220529 -0.201141 -0.184684 0.768172 -0.280995 0.492547
0.491455 -0.297631 -0.214181 -0.581549 0.126810 -0.094242
-0.930530 0.820701 0.538970 -0.617977 -0.093885 -0.382408
-0.341857 -0.637608 -0.199764 0.142724 0.536088 -0.136598
-2.375294 0.103471 -2.736689 0.283127 -0.192294 -0.215569
0.306374 -0.297410 0.215389 -0.677680 0.127437 0.412689
0.019503 0.309155 0.143484 -0.446004 0.438826 -0.080820
-0.115517 -2.057868 -0.715853 -0.034830 -0.272667 0.160647
0.062455 -0.560296 -0.111557 -0.422226 0.154544 0.168870
-0.534700 -0.553314 -0.249177 0.687293 0.256289 0.064240
0.111955 0.313517 0.079472 -0.480575 -0.639436 -0.622251
-0.091176 -0.396261 0.007520 -0.775811 -0.472359 0.883513
0.355631 -0.370432 -1.405293 -0.166818 0.075529 -0.022823
0.478677 -0.126793 -0.841341 0.024819 -0.268803 0.662165
1.875791 -5.438318 -3.200990 0.181233 -0.155974 0.235047
-1.402706 -2.814763 -0.641972 0.320366 0.112285 0.040705
0.507432 -0.288137 0.169631 -0.180313 -0.382492 0.633233
-0.162559 0.017709 -0.062549 -1.015501 -0.404247 0.124325
-0.449346 0.400501 1.712965 -0.392115 -0.212486 0.040287
0.197528 -0.117544 -0.210481 -0.660585 1.019014 0.352041
-1.211962 -0.484091 -0.622742 0.207002 0.332505 -0.276313
0.218830 0.315349 -0.158475 0.227326 0.802792 0.118005
-1.361971 -0.652856 -0.342099 -0.166022 -0.366007 -0.266039
1.170296 -0.015780 -0.176951 0.097880 0.072731 0.450266
0.038020 0.353739 -0.097846 -1.024855 -0.220864 0.448884
-0.304589 -0.288361 0.087043 -0.190126 -0.627842 0.603099
-1.856529 0.892881 -0.220817 0.128221 0.332381 0.049115
0.161203 0.259923 0.293320 0.704356 0.282778 0.234691
0.347930 -0.085537 0.049709 -0.493137 0.683764 -0.451634
2.995890 0.598190 0.569018 0.435592 -0.013807 -0.161192
-0.610257 -0.089623 -0.083222 0.804464 -0.274105 0.167889
-0.161175 0.310215 0.388207 0.137679 -0.668941 -0.175986
0.441247 0.495378 -0.017142 0.151523 -0.538466 -0.261271
-1.981819 4.094557 -1.436968 -0.253393 0.066528 0.096671
0.380871 0.492938 -0.457452 -0.544731 0.635863 0.234737
0.118766 0.058589 -0.030916 0.548611 0.563809 -1.063552
3.455079 -0.675040 7.820216 -0.179707 0.121622 0.109535
-0.046339 -0.124440 0.241592 -0.332963 0.204072 0.586275
-0.366060 0.323094 0.283406 0.524987 0.331725 0.458950
-3.751935 1.122315 -1.432275 0.262062 0.098313 0.096677
-0.115276 -0.099254 0.142851 -0.195105 0.536451 0.607154
-0.216592 -0.203548 0.817375 -0.038161 -0.007658 0.150514
0.050238 -0.437587 -0.000083 0.426156 0.010904 0.676783
-1.845612 0.643166 0.922720 -0.145764 0.035766 0.039693
-0.099658 0.044865 0.364871 0.903986 0.306809 -0.738690
-0.105824 -0.176955 0.033304 -0.106703 0.575872 0.495656
0.268905 -0.896335 -0.153146 0.426815 -0.338054 0.604257
0.111937 0.063994 0.754954 -0.007143 -0.078195 0.256686
-0.399748 -0.975931 -2.194946 -0.248363 -0.187757 -0.349697
-0.340515 -0.394150 -0.439237 0.906401 0.171714 -0.629919
0.157441 0.209011 -0.223200 0.890405 -0.200329 0.190894
1.150097 -0.831440 0.523341 -0.261431 -0.458228 0.261151
-1.135132 -0.454245 -0.313723 0.224820 0.482272 -0.364965
-0.514398 0.188131 -0.225175 -0.407760 -0.814834 -0.724126
0.113519 0.666415 0.746654 0.434034 -0.032607 -0.547326
-0.311868 -0.197728 0.175376 -0.620283 -0.640979 -0.649359
-0.436816 0.296083 -0.401419 0.260223 0.510748 -0.156995
-0.255635 1.134095 1.135600 -0.105281 -0.324552 0.540629
0.253030 -0.034023 0.205759 -0.804442 -0.593165 0.660893
0.432010 -0.658433 0.043294 -0.247440 -0.023637 0.183288
-0.397673 -0.162738 -0.369216 0.218323 0.320120 -0.570221
-1.332247 -0.153056 0.437638 -0.575926 0.055771 -0.536911
-0.276015 -0.704958 0.461009 0.419951 0.058926 0.339989
0.034608 -0.045306 -0.093565 0.458940 0.214513 -0.069646
-0.392294 0.209301 0.132758 0.069377 0.716729 0.169402
0.128903 0.098118 1.096553 0.183934 0.134466 -0.537252
-0.507727 0.509252 0.074528 0.128428 -0.377029 -0.230788
-0.370630 -0.583424 1.273927 -0.315936 -0.318894 -0.326324
-1.033436 0.866510 -0.640387 0.644131 0.357883 0.138621
-0.451405 -0.185993 0.730446 -0.358333 -0.345445 -0.293308
-0.228429 0.119766 0.310883 0.232768 -0.063294 0.360230
1.413482 1.498149 -0.648232 0.009462 0.055343 0.291480
0.040648 0.179462 -0.433993 -0.148483 0.550943 0.096652
0.953287 -0.370227 0.557443 -0.156874 -0.207327 -0.061161
0.490721 -0.102039 0.870949 0.036048 -0.177388 0.107861
-0.638435 0.278091 1.015070 0.339834 0.336731 -0.271239
-0.128383 0.116047 0.074035 -0.459883 0.906739 0.299745
-1.654356 -0.568755 0.069725 -0.406467 -0.013278 0.526301
-0.170624 -1.091576 -0.718378 0.322997 0.044481 -0.031053
-1.366498 0.376795 0.277331 0.048502 -0.158327 0.135753
0.131361 -0.118385 -0.135203 1.375171 0.405666 -0.272423
-0.290011 -0.048509 0.485566 0.125930 0.213779 1.187590
0.463030 0.017157 -0.409249 -0.425584 0.836858 -0.757084
0.185623 0.057873 0.018652 0.428827 -0.668335 -0.171881
-0.086077 0.169907 -0.123796 -0.569740 0.173377 -0.897683
-0.727015 -0.240794 0.661640 -0.111646 -0.269429 0.241626
-0.635546 -0.466847 -0.173899 0.236908 0.721998 -0.113436
-1.577014 0.774001 1.080571 0.121678 -0.229302 -0.477273
-2.384135 2.809800 -3.059253 0.023238 0.133300 0.045833
-0.077266 0.588594 -0.183141 0.456530 -0.058907 -0.283597
0.839971 -0.763285 -0.092645 -0.036334 0.177279 0.035696
-1.997954 0.301310 -0.607798 -0.178695 0.147948 -0.569955
-0.476841 -0.249622 -0.077403 -0.056751 -0.101171 0.761981
-1.289862 -0.254688 -1.472843 0.188767 -0.303378 -0.027567
-0.536924 0.014022 0.008640 0.110627 -0.374560 -1.030160
-0.232704 1.158670 0.190842 0.104044 -0.041598 0.373674
0.384664 -0.244914 -0.149457 -0.571517 0.723663 -0.283337
-0.301584 -0.564640 -0.088430 -0.763284 0.377800 -0.084576
0.740402 0.567282 -0.631487 0.341047 0.012815 0.106359
-0.523840 0.056348 0.136327 1.046241 -0.111508 -0.320746
0.027118 -0.113146 0.425758 -0.422045 -0.255304 -0.317177
-0.579150 0.309074 0.203553 -0.463184 0.339442 0.478701
0.415942 -0.526602 1.029372 -0.144677 -0.191383 -0.065656
0.876938 0.469006 1.010361 -0.119305 -0.244441 0.484323
0.741716 0.166496 0.086138 0.646035 -0.297752 0.463080
0.201666 0.105096 0.102712 0.787420 -0.125425 0.118779
0.284696 0.494435 0.540443 -0.094351 -0.646934 0.281247
-0.768538 0.986393 -0.093078 0.331700 -0.365418 0.482103
0.221128 0.906625 -0.656028 -0.073355 0.328181 0.032271
-2.286616 0.852446 -0.920665 -0.117267 0.026681 0.064341
-0.052079 -0.225450 0.017339 -1.184159 0.554089 0.611873
-0.155553 1.019518 0.651497 -0.381934 -0.052472 -0.565943
-0.266821 0.410853 0.073386 1.265972 -0.294048 0.008271
-0.668902 -0.268687 0.558975 -0.388441 0.131289 -0.234881
0.771391 0.098461 0.248099 0.088919 -0.028797 0.530766
0.394979 -0.035436 0.765994 -0.115568 0.011870 -0.745394
-0.088158 0.211079 -0.098097 -0.393618 -0.513029 -0.420493
0.738839 -0.180301 0.629710 0.392331 -0.031784 0.231641
0.333823 0.727140 0.205647 0.688064 0.218252 0.144350
-0.020977 -0.161070 0.022679 0.385199 -0.370799 0.809521
-0.189553 -0.627316 -1.043868 -0.702025 -0.152551 0.330209
0.261947 0.614506 -0.320100 -0.472887 -0.052848 -0.624565
-0.090800 0.948442 -0.193720 0.194472 -0.324876 -0.019733
-0.154097 0.093158 -0.813739 0.020012 -0.536224 0.311205
0.830845 -0.688212 1.618507 0.700397 -0.157725 0.349584
-0.106506 -0.154836 -0.161713 0.205300 -0.194184 0.475981
-1.289036 -7.434460 2.128635 -0.209224 0.192524 0.012474
0.239601 0.356389 0.266863 0.331956 0.767067 -0.004328
-0.183101 0.532477 -0.347753 0.297753 0.792040 -0.220567
-0.446365 0.015212 0.460328 -0.183854 -0.228330 0.119868
-0.879938 -0.070131 0.291244 0.031383 0.879504 0.211212
-0.249918 -0.291732 -0.720325 0.511982 0.393831 0.176879
-1.210607 0.508579 -0.124047 -0.341700 0.008957 0.347761
-0.651570 -0.465116 -0.089883 -0.230965 0.279672 -0.056041
0.214384 0.148065 -0.284821 -0.137178 0.151453 0.938599
0.302488 -0.249809 0.267706 -1.048493 -0.077691 -0.275822
-0.201252 -0.239872 -0.946154 0.385822 0.226707 -0.327211
-0.435400 0.255886 0.384977 0.481376 -0.177249 -0.812327
-0.066879 0.149433 -0.253989 -0.455240 -0.625389 -0.770538
-0.263175 1.090310 0.381005 -0.590622 -0.475588 -0.209142
-0.453215 -0.022894 0.179716 -0.035010 -0.562954 -0.198225
0.614381 -1.378287 -0.476154 0.338820 0.036708 0.139130
-1.641415 0.117283 -0.154855 0.350425 -0.177831 0.388686
-0.364732 -0.302534 0.059014 -0.625872 -0.451188 -0.445653
-0.827569 0.209588 -1.016120 0.092388 -0.064392 -0.147344
0.053225 -0.100698 0.147798 -0.311176 -0.467528 0.308729
-0.179537 -0.148970 0.278312 -0.343519 -0.100520 1.320880
0.028697 0.510219 -0.809966 -0.175601 -0.344005 0.110038
-0.025562 0.312191 -0.271833 -0.687768 0.646785 0.042085
-1.050601 -1.348816 0.346130 -0.542399 -0.566071 -0.439370
0.237709 0.153290 0.139315 -0.261518 -0.673327 0.002271
-0.284266 -1.772001 0.052329 -0.145262 -0.214178 0.531791
0.043924 -0.137064 -0.045447 0.446518 -0.653259 0.127795
-0.288019 -0.160873 0.118340 -0.920183 0.099453 0.036261
0.031873 -0.187118 0.091101 -0.343289 -0.681401 0.436857
-1.244701 -0.317454 -0.113378 0.210457 -0.414127 -0.469353
0.018813 -0.116057 0.081723 -0.348539 -0.153306 -0.696927
-0.281775 -0.019185 0.243637 0.493719 -0.488842 -0.262406
0.505527 -0.032360 0.020339 0.196466 -0.204259 0.221242
4.238441 -0.851543 -2.382798 -0.070329 -0.033053 -0.259900
0.129542 0.545221 0.225640 -0.243473 -0.272235 0.429622
0.069046 -0.044352 -0.028192 0.410384 -0.075775 -0.050828
-0.163549 -0.315549 -0.447084 0.731865 0.132699 -0.392334
-0.071815 -0.148644 -0.349849 -1.007511 0.531182 -0.573417
0.120676 -0.096204 0.051346 0.455029 -0.801629 -0.260274
0.315825 -0.087074 1.209933 0.320495 0.200003 0.282870
0.572590 0.111667 0.496649 0.534748 0.329091 -0.654982
0.308170 0.960728 0.514644 -0.063959 -0.521435 -0.113989
0.206860 -0.201351 -0.123495 0.668146 0.528351 0.162390
0.222800 0.688714 1.157539 0.694919 -0.120593 -0.103930
-0.245616 0.635110 0.591305 0.003486 -0.438679 -0.497364
-0.024355 0.108082 -0.807619 -0.279730 0.963785 -0.337625
-0.257949 -0.279174 -0.228284 -0.725612 -0.142965 1.033034
-0.590092 0.474686 -0.483898 0.153587 0.338016 -0.066547
0.078194 -0.308380 -0.001133 -0.838105 -0.471537 0.663759
-0.466961 -0.294623 -0.075118 0.468780 -0.035060 1.088754
-0.372937 -1.716345 2.109848 0.025982 -0.413374 0.010512
-0.235668 0.690061 -0.635302 -0.014046 -0.354249 -0.303469
-0.009540 0.405898 0.515960 -0.451241 0.238157 0.159706
0.152681 0.192354 -0.080948 0.199962 0.345951 -0.656602
-0.131886 -0.305863 0.040286 0.140915 0.873553 -0.309106
-0.301794 -0.315854 -0.201085 0.376237 -0.852939 -0.903190
-0.928236 -1.008784 -0.535336 -0.079756 -0.097932 0.170602
-0.022511 -0.020587 -0.219717 1.350577 -1.088591 0.151967
-0.064050 -0.326526 0.106207 0.409271 0.209353 -1.034571
-0.322000 0.016506 0.568052 -0.151684 -0.351916 0.607172
0.108438 0.376499 0.133442 -0.661420 0.238650 -0.203118
-0.395242 0.912935 -1.018061 0.285532 -0.642181 0.077222
-0.441203 0.045507 -0.007017 -0.512698 0.052242 -0.137742
-0.247613 -0.153823 0.325935 0.351943 0.256709 0.289007
-0.387129 0.136539 0.130170 -1.161577 0.308414 0.157627
-0.064770 -0.025643 -0.097446 1.186604 0.271171 0.816556
2.225817 0.566331 1.881641 -0.019868 0.113345 0.119704
0.022845 0.253778 -0.566533 -0.831766 -1.010813 0.251473
-0.931034 -1.207473 0.044620 0.188074 0.104661 0.116251
-0.567325 -0.820937 -0.521315 0.394752 0.283386 -0.172314
-0.005021 -0.271428 -0.019602 0.985629 -0.728158 -0.279377
-0.706163 -1.197557 0.188842 0.599024 0.067486 0.201617
0.032150 -0.958090 0.044578 0.423901 0.038389 0.614366
0.237339 0.175231 -0.429064 0.223328 0.518612 -0.000714
0.114227 -0.017749 -0.275237 0.543977 0.647545 -0.604631
0.492292 0.291117 -0.489609 -0.147813 0.793637 0.157714
0.316014 0.412954 -0.180776 0.890735 0.461037 -0.648188
-0.143645 -0.486167 0.713292 -0.099219 -0.096170 -0.303570
0.172925 0.218021 0.115496 0.423661 0.660701 -0.554969
0.547832 0.088902 -1.065050 -0.125954 -0.226165 0.369407
-2.508505 -1.235580 0.368533 0.071340 0.121949 0.011064
1.071528 -0.948691 0.847832 0.018251 -0.166338 -0.223542
-4.515611 12.819217 -1.275490 0.042701 -0.057160 0.105633
-0.050109 -0.461275 0.022903 -0.397379 -0.509116 0.492715
-0.092864 -0.038639 -0.265021 -0.017009 -0.997497 -0.239469
4.765785 1.405709 1.202329 -0.099031 -0.053549 0.047572
-1.533275 -0.031101 0.737944 -0.244907 0.319383 -0.032547
-1.060372 -1.224996 0.215275 0.251317 0.252006 0.171091
-0.136611 -0.088861 0.178168 0.442694 0.148773 -0.536379
-0.213518 -0.321187 0.360270 0.161242 0.145112 0.940894
-2.910149 -5.457278 -0.331328 -0.130620 -0.207104 -0.208967
-0.154213 -0.479002 -0.165250 -0.442516 -0.275521 0.000042
0.272530 0.705491 0.372676 0.404580 -0.424021 -0.195516
0.367705 0.917593 0.705842 0.582501 0.713088 0.006295
1.547871 -0.932004 -1.627763 -0.043963 0.010192 0.180188
-0.756217 0.393420 -0.700895 0.429326 -0.041732 -0.533846
-0.210896 -1.237811 0.059910 0.612610 -0.069992 -0.051155
-2.736623 -0.591725 -2.499535 -0.297547 0.384301 -0.188548
0.575922 0.698169 0.455504 -0.063003 -0.652051 -0.257058
0.132134 -0.168342 0.032305 0.357297 -0.034160 -0.008785
0.491250 0.474139 -0.242473 0.437808 -0.560390 -0.245401
-0.314070 -0.373314 -0.038536 0.637086 -0.180222 0.977512
-0.359523 0.179945 -0.095900 -0.197944 0.705490 0.849643
-0.392690 0.777405 -0.460606 0.118400 0.290151 0.449203
2.016570 0.022858 -0.277049 -0.216043 -0.120627 0.243252
-0.360807 0.197038 0.508950 0.519118 0.159664 -0.908806
0.281275 -0.213678 -0.126103 -0.066131 0.593546 -0.241543
-0.743976 -0.296155 -0.972152 -0.743315 0.009132 0.046988
-0.483069 0.344870 0.259748 -0.244822 0.298560 -0.237766
0.996643 -0.245360 0.966945 -0.354320 -0.313062 0.171014
0.756386 0.536550 -0.557427 0.373760 0.367297 0.363086
-1.348979 0.437639 0.278557 0.212235 -0.245115 -0.091805
-0.841013 -0.779252 -0.439479 0.607000 -0.186178 -0.074700
0.922530 -1.426071 -1.925574 -0.161462 -0.290671 -0.223805
-0.247839 0.098740 0.035076 0.097543 0.176134 -1.179884
-0.030177 0.413772 0.075033 -1.066012 0.354675 0.123756
0.430107 0.281455 0.030357 -0.611558 -0.059802 -0.334894
0.270116 -0.131828 0.233556 0.182080 0.116402 0.325439
-0.530247 0.071156 0.055417 -0.030310 -0.352474 1.026539
-1.036140 0.207381 -1.467839 -0.513770 -0.352771 -0.266284
-0.328126 -0.074039 0.211223 0.174378 0.312468 -0.093978
0.034795 0.616016 0.267967 0.468515 -0.378658 0.417958
-0.294615 -0.151067 0.050731 -1.709790 -0.034944 -0.105746
-2.325983 -2.677010 6.981610 0.090686 -0.020258 0.254550
0.108672 0.754682 0.303831 0.209908 0.250942 -0.387111
-2.489374 4.146900 3.285530 0.060494 -0.048072 0.149278
0.054117 0.465184 0.088452 -0.245413 -0.790928 -0.452874
0.047180 -0.867661 1.812601 -0.256262 -0.325271 0.167282
-0.079719 -0.075907 0.190809 0.186361 0.173904 0.040141
-0.234787 0.240105 -0.186320 0.150696 0.146557 0.846214
50.729963 30.354487 -15.858250 -0.025071 -0.084805 0.031370
-0.358249 0.877448 0.264706 0.050713 0.094129 -0.639662
0.347100 0.448000 -0.117133 -0.004137 0.512433 -0.116916
0.812214 0.481341 -0.013572 -0.153301 -0.025160 -0.439644
-0.763073 -1.310944 0.103801 0.067396 -0.459778 0.198281
0.425995 -0.033186 -0.216133 -0.015339 0.885615 -0.365020
-0.126045 -0.063820 0.186545 -0.299510 -0.232266 0.714965
-0.384256 -0.272758 0.010376 -0.638931 0.132364 -0.249078
0.323172 -0.138521 -0.225117 0.450799 -0.415530 -0.497924
-0.589750 0.053859 0.099672 0.362486 -0.193312 -0.317193
-0.186660 0.063322 -0.532524 -0.071269 0.502290 -0.661745
-0.152490 0.025900 -0.292177 -0.394147 -0.559687 0.547540
-0.656145 0.134324 -0.344377 -0.030257 -0.044959 0.399739
-0.116744 -0.266876 -0.095445 -0.241253 -0.220716 0.066910
0.034088 0.095716 0.662270 0.585761 -0.574226 -0.000237
0.039080 -0.736982 1.224078 -0.509736 -0.305239 0.298714
-0.115554 3.365440 1.455618 -0.132214 -0.108693 -0.270973
-0.008945 0.360608 -0.017459 -0.512186 0.246314 0.037033
0.013915 -0.508817 -0.040941 -0.557055 -0.589002 -0.074476
-0.477919 0.569986 -0.463754 -0.150119 -0.342108 -0.076494
-0.514576 -0.208233 -0.687267 -0.701144 0.100703 -0.544448
0.008940 -0.642395 -0.215561 -0.419311 0.233933 0.512476
0.054646 -1.005163 -0.794998 -0.374280 -0.150223 0.407611
-0.296596 -1.084703 -0.912931 0.299519 -0.165998 -0.193895
-0.383604 -0.238223 -0.087278 -0.226725 0.022300 -0.764808
-0.543694 0.143109 -0.158027 -0.131269 0.778690 0.339329
0.507749 0.343952 0.002569 0.262392 -0.495533 -0.464906
-0.536971 0.689923 -0.500539 -0.172384 -0.467928 -0.282784
-0.134447 -0.786716 0.508251 -0.063180 0.004727 -0.046474
0.127720 -0.188890 -0.691191 0.466424 0.660905 0.008426
0.142002 -0.416972 0.360843 -0.653148 0.080561 0.051869
0.435451 -0.304127 0.353441 -0.480596 -0.369633 -0.262484
0.415848 -0.148089 0.295162 -0.137842 0.086617 0.370011
-1.199060 -0.219132 0.013953 -0.253929 0.092702 0.259547
2.987871 -1.796843 -2.274110 0.035803 -0.114936 0.119102
1.005863 -0.923174 -0.706777 -0.406868 0.444550 -0.110552
-0.637753 0.071468 0.149035 0.368100 0.487922 -0.051582
-0.369693 -0.130634 0.052034 0.693352 0.272957 -0.516292
-3.033627 -0.345031 3.179735 0.336197 -0.034437 -0.034833
-0.083388 -0.294881 -0.302590 -0.178200 0.530569 -0.042068
-6.013311 6.478840 0.164426 -0.169189 0.168250 -0.166261
-0.057554 -0.017946 0.546518 0.199644 0.403636 -0.158962
-0.910016 -0.769075 0.234097 0.322476 0.398655 0.533036
0.355165 0.217371 0.971082 -0.477577 0.562566 -0.115127
-0.235246 -0.330844 -0.049767 0.134058 0.062884 0.890330
-0.237399 -0.248309 -0.316046 0.165919 -0.356181 0.438795
-4.615548 6.088926 0.520904 -0.148042 -0.094902 0.225711
0.169001 -0.163692 0.501706 0.622377 -0.062673 -0.032062
-0.413624 -0.073011 0.117862 0.072229 -0.069449 0.081715
-0.315974 0.181182 -0.131393 0.645955 0.249180 -0.660874
-0.695822 0.478593 -0.914750 -0.506007 0.145330 -0.129680
-0.682490 0.210976 0.376393 0.639890 -0.008574 0.563578
-0.283270 0.237198 0.940625 -0.441926 0.172710 -0.568440
1.030885 -0.223447 -1.096705 -0.183573 0.000729 0.050161
-0.632948 -0.592761 0.218627 0.106868 0.230425 0.466162
-0.488347 0.070448 -0.053263 -0.261049 -0.330548 -0.204239
0.205463 0.760340 -0.659656 0.047576 0.564487 0.069595
0.198221 0.048086 0.053170 -0.293521 -0.197877 0.033702
0.237466 0.118736 0.374789 -0.200531 -0.840803 0.396590
0.201975 0.205706 0.851852 0.264437 -0.202926 0.361619
0.885558 -0.167710 -0.047528 0.114234 -0.055036 -0.460924
0.794049 1.376431 -1.210490 0.182656 0.199681 0.171970
0.045982 -0.088920 -0.321855 0.611686 -0.475414 -0.364468
-1.088687 0.510166 0.262960 0.397340 0.089261 -0.025381
0.392695 0.132224 -0.400483 -0.607979 -0.038665 0.270988
1.221229 -0.279887 -0.525282 0.330143 0.340272 0.026168
-0.619298 0.074213 0.336090 -0.045974 -0.333645 0.504492
-0.565813 0.871310 0.189212 0.431532 -0.073006 -0.219889
0.347597 0.460667 -0.181100 -0.025007 -0.293775 0.044332
-0.222750 0.252109 -0.103488 -0.535879 -0.009986 0.295044
0.913332 0.377740 -0.526398 -0.685454 -0.335783 -0.565440
-0.102437 0.397121 0.126362 0.390717 -0.627554 -0.008450
-0.490665 0.585377 0.280367 0.121825 -0.230579 -0.867114
-0.902345 -0.283700 0.191795 -0.405907 0.157460 0.202164
-1.140260 -0.010996 -2.118843 -0.212556 0.043729 -0.221053
0.095083 -1.367679 0.403420 0.421824 0.020019 0.133926
-0.367228 0.799810 0.339176 -0.466520 0.540570 -0.254943
-0.677711 -0.034343 -0.284097 0.064768 -0.143086 -0.382873
-0.874264 -0.919575 -0.976996 -0.266131 -0.227539 0.137396
-0.352639 0.277684 -0.041184 0.522508 -0.338373 -0.195878
0.173136 0.243415 -0.132105 0.806905 -0.637584 0.439097
0.299193 -0.238387 0.421125 1.189931 -0.113919 0.215780
0.160426 -0.291239 -0.194172 0.341651 -0.072184 0.903584
-0.751740 0.459124 0.769235 -0.383794 0.242094 -0.181687
0.258196 0.257239 -0.217472 -0.024308 -0.437196 1.078263
0.503155 0.785122 -0.339142 0.030896 0.869528 -0.088621
-1.297591 0.610522 -0.596317 -0.194451 0.380232 0.472752
-0.418323 0.318647 0.252248 -0.050140 -0.523358 0.132002
-0.653757 -0.390879 -0.734003 -0.598330 -0.482910 -0.214856
0.255389 0.509687 -0.327226 0.080248 -1.001358 -0.330280
-0.337196 -0.158533 1.582198 -0.039098 0.046888 0.685974
-0.745663 -0.140189 -0.690213 0.420275 0.399707 -0.681903
-0.346119 -0.012785 -0.098310 0.138865 -0.597582 -0.160269
0.204327 0.369782 -0.178213 0.830386 -0.349846 0.425651
0.074539 -0.063255 0.302681 0.273970 0.261556 -1.443050
-0.445144 0.585994 -0.243501 0.004213 0.464510 -0.181967
-0.289671 -0.448805 -0.372126 -0.661572 -0.339349 0.588298
0.102635 -0.173497 -0.063921 -1.113400 0.782341 -0.027988
0.307022 -0.255095 -0.804162 -0.190178 -0.144070 -0.205419
0.831066 1.056782 0.168006 0.263554 0.140437 0.599613
0.227330 0.417099 0.005781 0.449932 0.262549 0.710021
2.252059 -0.177019 -0.729659 -0.056226 -0.516615 0.043101
-0.547705 -1.001798 -0.209427 0.224046 -0.713435 -0.467095
0.406869 -0.455051 0.471818 0.148581 0.337328 -0.424862
0.756006 0.051116 0.187794 0.525065 0.458426 0.243947
-0.084959 -0.160783 0.249284 -0.063676 0.294215 1.502789
-0.502267 -0.848146 0.126765 0.712331 0.242581 -0.111082
-0.894331 -0.515247 0.483261 -0.584930 0.049352 0.074062
-0.605444 0.157692 0.223472 -0.326258 -0.079740 -0.362441
0.314767 0.889460 0.533880 -0.150740 -0.331228 -0.117985
-0.466255 -0.200141 -0.537372 0.135356 -0.391572 0.668629
0.673443 -0.223284 -0.284019 -0.335755 -0.774898 0.033367
-0.047253 -0.179655 -0.056720 0.198134 0.887942 0.092601
-0.149700 0.233900 -0.695569 0.643210 0.491544 0.216336
1.968239 2.709429 1.753582 -0.180331 0.180895 -0.065666
-0.636126 -0.426365 0.233417 0.441612 0.204672 0.664026
0.335569 -0.311261 -0.006166 -0.202264 0.609027 0.434681
-0.029661 -0.998951 -1.132771 0.021594 -0.004807 0.187814
-0.288128 -1.666836 -1.263988 -0.228570 -0.095734 0.467088
0.490137 -0.856880 0.189257 0.439135 -0.438786 -0.049339
-0.261797 -0.008535 -0.236224 0.442070 1.306220 -0.362852
-0.861860 -0.220700 -0.259642 -0.602621 -0.277739 0.006867
0.083544 0.461613 -0.320359 -0.085328 -0.632911 0.012304
0.019295 -0.352467 0.336090 0.149922 -0.536814 -0.188245
-0.312801 -2.104056 -1.115987 0.012423 -0.100187 0.015018
0.286512 -0.213848 -0.027277 -0.327142 0.314895 0.182198
-0.273646 0.091205 -0.457343 0.071774 0.361148 0.444305
-0.012415 -0.838194 0.276906 -0.151040 -0.234204 -0.049752
-0.148415 0.815560 -0.241263 0.296540 0.506223 -0.147762
-0.053829 1.411255 0.303082 0.400042 -0.099410 -0.114767
-0.367927 -0.631631 0.587795 0.227724 -0.441223 0.510655
-0.119934 0.215360 -0.467258 0.173960 -0.613204 0.731002
-0.509096 0.365623 -0.032591 -0.648928 0.180915 0.188972
1.221315 -0.782676 -0.731903 0.303797 -0.111437 -0.020504
-0.394085 -0.086162 0.216859 -0.413460 0.121464 0.426446
4.668345 4.265673 -4.991867 0.175387 -0.013759 0.158351
-0.106811 -0.172144 -0.368006 -0.732422 0.612841 -0.855879
-0.224486 0.212712 0.151500 0.567704 1.084434 0.081158
-0.245533 -0.323773 0.455760 0.095696 0.390158 0.261752
0.248533 -1.004812 0.554583 -0.338196 -0.247663 -0.159794
-0.506070 0.209467 -0.356306 0.074678 -0.168941 -0.155839
1.184237 -1.254615 0.259440 -0.139765 0.192028 0.190901
0.264830 0.159104 -0.421556 0.194750 -0.312828 -0.252015
-0.590534 0.113714 -0.699811 0.223914 0.618442 -0.274756
-0.002512 0.130394 0.092537 -0.491767 -0.215329 -1.342049
-0.209107 -0.409186 -0.133917 -0.050458 -0.464274 0.496066
-0.402743 -1.544620 1.084266 -0.091936 -0.245179 0.245935
-0.597630 -0.458430 1.689376 -0.173107 -0.155169 -0.138640
0.420672 0.612548 -0.483396 -0.315596 0.254059 0.188924
-0.262534 0.124459 0.537149 -0.062124 0.286179 0.526293
-0.116846 -0.394386 -0.949644 0.241332 -0.335680 -0.236479
0.417841 -0.116284 -0.188585 0.335565 0.403122 0.170579
-0.422473 -0.320555 0.132061 0.109620 0.159250 -0.897137
-0.309918 0.444741 -0.064655 0.708283 0.013462 -0.038003
-0.885868 0.607607 -0.579828 -0.311124 0.636730 -0.028801
-0.225317 -0.438049 0.194640 -0.154804 0.590041 -0.217959
-0.899586 1.098928 -0.063429 0.685372 0.207078 0.105934
-0.046135 -23.701302 -7.928119 0.043983 -0.003659 0.052334
0.221824 0.152377 0.075464 0.111865 0.175010 -0.465940
0.158688 0.174319 0.259836 -0.911805 0.613479 -0.537484
-0.363991 -0.175694 0.093528 -0.568856 0.116188 0.891813
-0.145719 -0.172902 -0.227438 0.297149 -0.442110 -0.336995
0.143014 2.458312 2.166632 0.215155 0.057871 -0.242113
1.261184 1.824044 3.033711 -0.261281 -0.084952 0.026889
-0.453440 -0.825815 -1.076981 0.128886 0.225482 0.169421
-0.035749 0.071306 0.104515 0.519694 -0.065773 -0.332483
-0.828347 -0.064377 -0.056528 -0.813237 0.032860 -0.990397
-0.165744 -0.060275 -0.006738 -0.475281 -0.303317 1.031256
1.333591 -1.145522 0.373529 0.248548 0.111769 0.406639
0.857013 -0.292794 -0.048431 0.226921 0.234178 0.131438
-0.164162 -0.008041 0.060306 0.045671 -0.365055 -0.381472
-0.035769 0.140599 0.260974 -0.005983 -0.047043 -0.401849
-0.818507 1.712400 0.098234 0.140282 0.154667 -0.048627
-0.340082 -0.127129 -0.133614 -0.612698 0.058515 0.643870
0.049289 -0.421383 0.310930 0.930545 -0.368224 -0.481080
-0.819025 -0.035610 0.325623 0.235781 0.954605 0.551875
1.472134 0.199545 -0.871141 0.077689 -0.346363 0.213351
-0.729653 1.178029 -0.574857 -0.470643 0.194879 -0.284331
-0.335698 0.280628 -0.134789 -0.283378 -0.613862 0.585997
-0.075217 -0.152620 -0.141706 0.272810 0.393451 1.030715
0.360635 -0.291866 -0.542503 0.036177 -0.044558 0.530580
-0.138492 0.158602 0.075674 0.315774 0.345769 -0.396676
0.145914 -0.556905 -0.339317 0.057508 -0.452223 0.172625
-0.980877 0.876654 0.027387 0.412895 -0.207419 -0.073851
0.273068 0.156964 -0.295967 0.444736 0.469849 0.296468
0.028100 -0.310344 0.128629 0.200971 0.494266 -0.457089
-0.690353 0.254351 -1.036361 0.089164 -0.022995 0.256146
0.232182 0.123704 0.068146 0.246883 0.522894 0.612113
-0.722060 -0.281327 0.039995 -0.131037 0.625469 -0.487520
-0.362378 0.019219 0.468554 -0.488609 -0.142790 0.090039
-0.811798 1.252075 0.273025 0.125867 -0.290823 0.536635
0.516483 -0.113286 -0.011010 0.530546 0.813066 -0.455251
-0.017687 0.487352 0.009126 -0.561295 0.767954 0.228404
0.094432 -0.026794 -0.211549 -0.253003 -0.270574 1.165861
-0.299694 -0.255927 0.131935 -0.372809 -0.533286 -0.084304
-0.372140 -0.640486 -0.459510 -0.531979 -0.201457 -0.778106
-1.251114 -0.100170 -0.060417 -0.067827 0.184478 -0.590293
-0.377427 -0.390576 0.389782 -0.541885 0.200393 0.156008
0.077349 0.144457 -0.067680 -0.491041 0.140810 0.192185
-0.026378 -0.312228 0.335067 -0.520683 0.333760 -0.671635
0.899211 1.274815 -0.192875 0.443916 -0.093306 -0.345120
0.304986 0.411735 -0.152242 0.087642 -0.316727 0.117321
-0.678415 -0.541405 1.028997 0.125492 -0.092281 0.194205
0.301844 0.066800 0.239091 -0.557516 0.352339 0.396518
0.705720 -1.015660 0.198149 -0.273807 0.385761 0.471670
-0.299550 -0.403810 0.187279 0.163847 0.230362 0.204467
0.182281 1.842584 1.097101 -0.091760 -0.405704 0.108279
-0.044189 -0.046927 -0.131451 -0.611756 0.572056 -0.680605
-0.346316 -0.626008 -0.757514 0.610913 -0.094538 0.092821
-0.769765 -0.090462 0.478199 0.233845 -0.623203 -0.191989
-0.654684 -0.730479 1.184196 0.331372 0.011621 0.236109
-0.161360 -0.069248 -0.112596 0.267888 0.123199 0.475568
-0.507554 0.634514 -1.260293 -0.098414 -0.052890 0.207351
-0.147365 0.141552 1.913171 0.344833 -0.141763 0.316624
0.236279 -0.694005 -0.701320 0.146981 -0.016705 -0.145802
-0.344531 0.705993 -0.305348 0.013387 -0.201524 -0.019734
-0.869384 -1.351433 -1.079240 0.018564 -0.614746 0.444706
-2.657966 2.273526 1.213651 0.228963 0.280048 -0.117816
-0.568335 -0.584086 -0.035181 0.326455 0.137020 0.145681
-0.745602 0.358683 -0.447376 -0.557065 -0.093210 -0.302583
-0.347875 1.796275 -1.835376 0.053578 0.217557 -0.252296
1.477172 4.429582 4.162917 -0.119492 -0.086268 0.034986
0.218579 0.093782 0.210453 0.449414 0.872459 -0.121822
1.460526 0.428398 -1.579715 -0.111415 -0.412347 0.113197
-0.158810 -0.882653 -0.402750 0.361102 0.562491 0.262917
-0.789095 0.091694 -0.382477 0.631345 0.138615 -0.314417
-0.277239 -0.243967 0.239737 -0.652709 -0.244540 -0.396186
0.372709 0.345180 0.346190 -0.762415 -0.437105 -0.547227
