0.016199 -0.247337 0.055556 -0.300599 0.113853 -0.834388
-0.198054 -0.723408 -0.696011 0.050123 0.121350 0.319014
-0.065227 -0.022900 -0.163470 -0.000396 -0.184961 -0.643374
-0.543592 -0.509375 0.384344 0.483705 -0.600843 0.621787
0.477498 -2.659615 0.235062 -0.111288 0.074334 0.033893
-1.738719 0.578185 -0.474518 -0.002463 -0.237744 -0.073850
0.529452 0.409494 0.094267 0.172366 -0.381693 -0.040394
-3.913482 3.606360 2.082239 0.046279 0.062009 -0.133756
-0.036109 -0.107052 -0.785969 0.564343 0.178104 -0.171333
1.204041 -2.539309 -0.131134 0.081297 0.046487 0.069165
-0.839331 0.148398 0.060089 -0.796615 -0.098084 -0.068454
-0.004389 2.182525 -0.164487 -0.243207 0.208944 -0.100443
-0.224371 -0.812506 -0.133555 0.656423 0.694231 -0.190545
0.036764 0.698199 0.093910 -0.279891 0.024007 -0.398051
0.184104 -0.611169 -0.433397 -0.145099 -0.334788 0.018995
0.178438 -0.251968 0.050680 0.126278 0.099560 0.027342
0.407279 -0.500690 0.281512 0.947656 0.255500 -0.263720
0.697735 0.503375 -0.144979 -0.818458 -0.163749 -0.378811
-0.860484 0.799828 -0.114254 0.205420 -0.301595 -0.289381
0.005644 -0.040699 -0.513626 -0.284695 0.571308 -0.278569
-0.269734 1.813372 0.422869 -0.031158 -0.438740 -0.180682
0.009918 -0.172249 0.452180 0.122231 0.162652 -0.371267
-0.135770 -1.027019 0.252672 0.279360 -0.002651 0.183362
0.219853 -0.936957 0.564147 -0.252173 -0.195198 0.170168
0.615626 -0.159430 0.494597 -0.477139 -0.076375 -0.375697
0.642405 0.182339 -0.267729 0.372891 -0.602766 0.245869
0.476348 -0.503294 0.074123 -0.021102 -0.222961 0.585539
-0.209253 -0.135346 -0.065407 -0.213187 0.818301 -0.411327
-0.334300 -0.302424 -0.428238 0.407594 -0.624133 0.471097
-0.405620 -0.590233 0.715466 0.127727 0.086963 0.134391
0.407485 0.152210 -0.604132 -0.070975 0.322198 -0.061358
-0.941375 -0.083224 0.521449 -0.222738 0.470255 0.412290
-0.148105 -0.358326 0.425659 0.642519 0.148617 0.694025
0.524192 0.369974 0.736370 0.206219 0.250931 0.529263
0.192119 0.085015 -0.192189 -0.226132 -0.132195 -1.334114
0.329907 -0.014487 0.203195 1.050238 0.708964 0.155376
-0.305824 -0.226355 0.202388 -0.377187 -0.381844 0.665940
0.387774 -1.420106 0.443741 0.237037 0.699011 0.266815
0.073267 0.005399 0.207070 -0.800939 -0.236303 0.097259
0.457364 -0.610451 0.083677 -0.748106 -0.437151 0.489046
-0.794852 0.092327 1.033368 -0.435241 0.056136 -0.118620
0.108550 -0.610417 0.317367 -1.043314 -0.712728 0.618187
0.096891 -0.206742 -0.252490 0.036022 0.818094 -0.282410
0.038887 -0.164128 -0.086431 0.037203 -0.414792 -0.326282
-0.319220 -0.069303 0.764243 -0.574426 -0.824164 0.039384
-0.579236 -0.821273 0.461380 0.504956 0.444165 -0.224505
3.369248 5.461720 -1.992437 -0.072395 -0.226741 -0.151668
0.300297 -0.345476 -0.375156 -0.084518 -0.271248 -0.020227
-0.635212 0.067225 -0.606611 0.208666 -0.278010 0.525790
-0.621943 -0.430878 -0.208512 -0.135785 0.390747 0.140417
0.157670 -0.031019 -0.114126 0.979322 -0.281114 -0.232948
1.036677 0.446792 0.537217 0.204731 0.087030 0.335305
0.449572 -0.268210 -0.349565 0.106617 -0.109474 0.745821
0.059991 -0.277022 0.159394 0.539749 0.149688 -0.322325
1.246934 2.189313 -1.063947 0.199917 -0.146720 -0.234286
0.481639 -0.384185 0.402373 -0.074346 0.567950 -0.296182
-0.116109 -0.329688 -0.637321 -0.117800 0.643707 -0.275489
-0.514788 0.719807 0.259316 0.018868 -0.039848 0.646317
-0.023778 -0.630242 -2.286353 0.113133 -0.473708 0.224994
-0.640891 -0.377349 0.214128 -0.767515 0.157226 -0.382396
