-0.175282 0.987975 0.261056 0.340156 0.198477 -0.217088
-0.133689 -0.237340 -0.080423 0.082420 -0.505189 0.965847
2.892187 -1.591049 -0.175229 0.106267 0.190009 -0.226955
-0.292799 0.237198 -0.280801 0.325294 0.012840 0.203501
-0.527305 -0.388614 -0.258367 -0.323062 0.314365 -0.095738
-0.026606 -0.309454 0.821438 0.352072 -0.031939 0.165221
-0.963998 1.010981 -0.176677 -0.369002 0.353349 0.085720
-0.367273 0.038818 -0.479507 -0.582737 -0.678172 -0.515056
-0.022672 0.059771 0.166217 -0.702447 0.511598 -0.416081
-0.382564 0.191714 0.202293 0.771039 -0.365337 0.050630
