0 0
0 5.36202140952e-08
0.02 2.09936833911e-06
0.04 5.05906368838e-06
0.06 2.38720626821e-05
0.08 4.4207066553e-05
0.1 7.49011572636e-05
0.12 0.000113035422758
0.14 0.000154510421414
0.16 0.000202620776084
0.18 0.000239928731655
0.2 0.000269523331516
0.22 0.000299479908303
0.24 0.000339890513231
0.26 0.000382532076291
0.28 0.000431148179667
0.3 0.000481510999539
0.32 0.000523440582528
0.34 0.000561640203771
0.36 0.000610133803847
0.38 0.000651848678726
0.4 0.00068284520165
0.42 0.000718314077538
0.44 0.000754915465745
0.46 0.000785337049731
0.48 0.000821292569246
0.5 0.000856719038599
0.52 0.000894836265238
0.54 0.000945945564333
0.56 0.000991910767743
0.58 0.00104124369219
0.6 0.00109282090598
0.62 0.00114228886188
0.64 0.00118725252961
0.66 0.00122169485896
0.68 0.00124715535291
0.7 0.00127566916881
0.72 0.00130017407686
0.74 0.00132880806361
0.76 0.00135986691101
0.78 0.0013943652715
0.8 0.00142759263185
0.82 0.00145875157107
0.84 0.00148960075034
0.86 0.00151962540989
0.88 0.00154882745489
0.9 0.00157507559665
0.92 0.00161188396233
0.94 0.00164540638608
0.96 0.00167670012731
0.98 0.00170537646291
1 0.00172978750142
1.02 0.00175802750535
1.04 0.001785241065
1.06 0.00180947711412
1.08 0.00182918581398
1.1 0.00185346057184
1.12 0.00187737567915
1.14 0.00190763560879
1.16 0.00193444128617
1.18 0.00195810826273
1.2 0.0019749890412
1.22 0.00198432876322
1.24 0.00199713109036
1.26 0.00200582534645
1.28 0.0020144436582
1.3 0.00202912563196
1.32 0.00204627248035
1.34 0.00206602608632
1.36 0.00208032189443
1.38 0.00209128031993
1.4 0.00210022431056
1.42 0.00210592952006
1.44 0.00211708570094
1.46 0.00212291841476
1.48 0.00213337986416
1.5 0.00214877067551
1.52 0.00216154279588
1.54 0.00216790102917
1.56 0.00217199529444
1.58 0.0021849216201
1.6 0.002191754862
1.62 0.00219274913671
1.64 0.00218627073197
1.66 0.00217995909361
1.68 0.00217766816404
1.7 0.00217383120025
1.72 0.00216958626428
1.74 0.00216060876055
1.76 0.0021476542008
1.78 0.0021463251391
1.8 0.00214865954359
1.82 0.0021537393541
1.84 0.0021625199922
1.86 0.00216851920583
1.88 0.00217251406413
1.9 0.00217283331204
1.92 0.0021732094727
1.94 0.00218366756066
1.96 0.0021953949615
1.98 0.00220493629396
2 0.00220942153813
2.02 0.0022102703472
2.04 0.00221042657362
2.06 0.00221013441909
2.08 0.002208787455
2.1 0.00220964657103
2.12 0.00220917528123
2.14 0.00220950070658
2.16 0.00220998192565
2.18 0.00220976974056
2.2 0.00221125580229
2.22 0.00221735212875
2.24 0.00222432615237
2.26 0.00223118357189
2.28 0.00223566292687
2.3 0.00223891120578
2.32 0.00224280377082
2.34 0.00225059504036
2.36 0.00225679825298
2.38 0.00225690533542
2.4 0.00225592219269
2.42 0.00225963490645
2.44 0.00226140378343
2.46 0.00226523345547
2.48 0.00226880622762
2.5 0.00227339540381
2.52 0.0022754609206
2.54 0.00228106219833
2.56 0.002287620136
2.58 0.00229614322039
2.6 0.00230697699921
2.62 0.00231648748387
2.64 0.00233066719794
2.66 0.0023449825022
2.68 0.00235616290368
2.7 0.00236414971443
2.72 0.00236560366474
2.74 0.00237127013302
2.76 0.00238229980609
2.78 0.00239569187558
2.8 0.00240924286589
2.82 0.00242003647467
2.84 0.0024282013551
2.86 0.00243418456925
2.88 0.00244259679609
2.9 0.00245035725276
2.92 0.00245357916832
2.94 0.0024527242722
2.96 0.00245327129362
2.98 0.00245405618148
3 0.0024530098605
3.02 0.00244949389006
3.04 0.00244989087794
3.06 0.00245038795225
3.08 0.00245705450972
3.1 0.00246206228738
3.12 0.00246391693639
3.14 0.00246332967772
3.16 0.00246469281199
3.18 0.00246186713293
3.2 0.00246160217381
3.22 0.00246229576845
3.24 0.00245934283218
3.26 0.00245760007103
3.28 0.00245297373621
3.3 0.00245004073239
3.32 0.00245233401702
3.34 0.00245754206383
3.36 0.00246477617385
3.38 0.00247258826853
3.4 0.00248539769566
3.42 0.0024943509559
3.44 0.00250284116585
3.46 0.00251051999944
3.48 0.00251167019734
3.5 0.00251652219297
3.52 0.00252317504902
3.54 0.00252731942908
3.56 0.00252712563378
3.58 0.00252633730669
3.6 0.00252633238088
3.62 0.00251900779334
3.64 0.00251623363978
3.66 0.00251647319219
3.68 0.00251656907136
3.7 0.00251734699298
3.72 0.0025205781366
3.74 0.00252741254882
3.76 0.00253316304503
3.78 0.00253305438025
3.8 0.00252744592273
3.82 0.00252846494361
3.84 0.00252706976254
3.86 0.00252628566704
3.88 0.0025218925702
3.9 0.0025166738534
3.92 0.00250989503353
3.94 0.00250081760454
3.96 0.00249346032498
3.98 0.00248532107197
4 0.00247572874199
4.02 0.00246780583093
4.04 0.00245815819235
4.06 0.00244987517764
4.08 0.00244663255202
4.1 0.0024471829491
4.12 0.00245031119239
4.14 0.00245217709479
4.16 0.00245627843946
4.18 0.00245951645334
4.2 0.00245879340461
4.22 0.00245238966548
4.24 0.00244683211749
4.26 0.00244088740787
4.28 0.00243221856598
4.3 0.00242638880846
4.32 0.00241693554424
4.34 0.00241016712603
4.36 0.00240757178935
4.38 0.00241038363876
4.4 0.00240879233878
4.42 0.00240754479411
4.44 0.00240789117741
4.46 0.00240334926333
4.48 0.00240065275803
4.5 0.00239879906159
4.52 0.0023952886569
4.54 0.002390909944
4.56 0.00238202797909
4.58 0.00237656833409
4.6 0.00237372696683
4.62 0.00237351058059
4.64 0.00236854990086
4.66 0.0023617342131
4.68 0.00234673254505
4.7 0.00233147561579
4.72 0.00231417553142
4.74 0.00229666466017
4.76 0.00227745869492
4.78 0.00226453120163
4.8 0.0022564807264
4.82 0.00225161091626
4.84 0.0022483628556
4.86 0.00224601223155
4.88 0.00223976631624
4.9 0.00223345137873
4.92 0.00223044942147
4.94 0.00222732115412
4.96 0.00221888881829
4.98 0.00220669736806
5 0.00218681320764
5.02 0.00216298218514
5.04 0.00214649096816
5.06 0.0021320267295
5.08 0.00212149281364
5.1 0.00211535453177
5.12 0.00210858750155
5.14 0.00210128313892
5.16 0.00209116377052
5.18 0.00208069395289
5.2 0.00206735230938
5.22 0.00205941433316
5.24 0.00205008880036
5.26 0.00204133017481
5.28 0.00203434712666
5.3 0.00202122694781
5.32 0.00201044655644
5.34 0.00200357625652
5.36 0.00199428372722
5.38 0.00197851567854
5.4 0.00195995638352
5.42 0.00194379250592
5.44 0.00192984084126
5.46 0.00191804048852
5.48 0.00190320419928
5.5 0.00189064791027
5.52 0.00187485951168
5.54 0.00185355717969
5.56 0.00182947576911
5.58 0.0018069609457
5.6 0.00178688546693
5.62 0.00176518362207
5.64 0.00174218002758
5.66 0.00172372925901
5.68 0.00171425242756
5.7 0.00171234810555
5.72 0.00171710885141
5.74 0.00171638276735
5.76 0.00171652957077
5.78 0.00171918053988
5.8 0.00171964733657
5.82 0.00172643832536
5.84 0.00173504619908
5.86 0.00174070166054
5.88 0.00174127446869
5.9 0.00174365827224
5.92 0.00174219455873
5.94 0.00174073968538
5.96 0.00174454498707
5.98 0.00174848365044
6 0.00175266984219
6.02 0.00174781910921
6.04 0.00174494554631
6.06 0.0017440291327
6.08 0.00174621339226
6.1 0.00174732661548
6.12 0.00174955578221
6.14 0.00174572249771
6.16 0.001745251503
6.18 0.00174424112749
6.2 0.00174268554738
6.22 0.00174281243365
6.24 0.00174129136487
6.26 0.00174038625283
6.28 0.00173928690589
6.3 0.0017317977888
6.32 0.0017194718016
6.34 0.00170297787426
6.36 0.00169300522202
6.38 0.00168959435545
6.4 0.00169002415623
6.42 0.00169679823324
6.44 0.00170348375137
6.46 0.00170717307992
6.48 0.00170818665289
6.5 0.00170826214959
6.52 0.00170795286424
6.54 0.00170273197838
6.56 0.00169661363639
6.58 0.00168814374373
6.6 0.00168493281062
6.62 0.00167778268465
6.64 0.00167354295687
6.66 0.00166773749234
6.68 0.00166798863708
6.7 0.00166540847707
6.72 0.00165920282767
6.74 0.0016577306721
6.76 0.00165662988757
6.78 0.00165643305393
6.8 0.00165922081663
6.82 0.00165982311204
6.84 0.00165592785567
6.86 0.00165084116615
6.88 0.00164722025277
6.9 0.00164565739926
6.92 0.00164585756823
6.94 0.00164159973528
6.96 0.00163857422713
6.98 0.00163581346594
7 0.00163682429418
7.02 0.00162602754252
7.04 0.00161468854306
7.06 0.00160247924029
7.08 0.00158860795375
7.1 0.00157306012816
7.12 0.00155513037064
7.14 0.00153663101589
7.16 0.00152151607673
7.18 0.00150708664954
7.2 0.00149734328489
7.22 0.00149119163133
7.24 0.00147876067685
7.26 0.00146124058652
7.28 0.00144339452227
7.3 0.00142900531472
7.32 0.00142451346216
7.34 0.00141944261928
7.36 0.00141595325991
7.38 0.00140761109425
7.4 0.00139581100363
7.42 0.00139120608826
7.44 0.00139268783065
7.46 0.00139677983964
7.48 0.00140194660751
7.5 0.00140507961346
7.52 0.00140345414323
7.54 0.00139830459165
7.56 0.00139691600134
7.58 0.00139978207995
7.6 0.00139859413254
7.62 0.00139790425073
7.64 0.00139339253536
7.66 0.00138827439384
7.68 0.00138163671091
7.7 0.00136600850942
7.72 0.00135453318402
7.74 0.00134482855318
7.76 0.00134089295231
7.78 0.00134390326252
7.8 0.00134486618418
7.82 0.00134528037638
7.84 0.00135061804629
7.86 0.00135393060926
7.88 0.00136132558766
7.9 0.0013701820681
7.92 0.00138220876704
7.94 0.00139173386506
7.96 0.00139718639337
7.98 0.00139632992384
8 0.00139351596553
8.02 0.00138285010785
8.04 0.00136906710799
8.06 0.00135423537631
8.08 0.00134155568883
8.1 0.00132897603172
8.12 0.00131581978273
8.14 0.00130144880317
8.16 0.00128906193602
8.18 0.00127288166324
8.2 0.00125991229544
8.22 0.00125317011973
8.24 0.00124810203324
8.26 0.00123559398806
8.28 0.00122166231828
8.3 0.00120422919584
8.32 0.00118755225868
8.34 0.00118024063867
8.36 0.00117411022322
8.38 0.001165938258
8.4 0.00115761663612
8.42 0.00114426574915
8.44 0.00113084532627
8.46 0.00111642825518
8.48 0.00110428196922
8.5 0.00110032796188
8.52 0.00109472299518
8.54 0.00108148342699
8.56 0.00107141660267
8.58 0.001067037074
8.6 0.00106047664341
8.62 0.00105714096375
8.64 0.00105349662227
8.66 0.0010454576875
8.68 0.00103649582614
8.7 0.00101887163463
8.72 0.000997786374095
8.74 0.000981427122849
8.76 0.000964878864325
8.78 0.000953051640754
8.8 0.000945495086137
8.82 0.000950573647973
8.84 0.000949623022674
8.86 0.000944492810417
8.88 0.00093844869999
8.9 0.000931131939771
8.92 0.000924650934038
8.94 0.000909602682943
8.96 0.000898738935986
8.98 0.00088913244943
9 0.000874927526776
9.02 0.000860869768313
9.04 0.000852201753619
9.06 0.000840000855603
9.08 0.000826902308605
9.1 0.000818895434568
9.12 0.000810622865174
9.14 0.000800557557178
9.16 0.000794836997949
9.18 0.000793837731963
9.2 0.00079819642601
9.22 0.000802300417438
9.24 0.000807086345274
9.26 0.00081612280163
9.28 0.00082606618071
9.3 0.000842303265604
9.32 0.000856438307535
9.34 0.000862559696396
9.36 0.000869292160266
9.38 0.000869651043792
9.4 0.000873094149042
9.42 0.000879133068884
9.44 0.000883939565476
9.46 0.000890756045721
9.48 0.000902091129943
9.5 0.000913953593061
9.52 0.000926065280279
9.54 0.000935859611513
9.56 0.000945652577079
9.58 0.000952515770463
9.6 0.000952559496772
9.62 0.000949015934058
9.64 0.000943912490692
9.66 0.000942583870328
9.68 0.000944184266356
9.7 0.000949852491897
9.72 0.000953088111079
9.74 0.000953292737894
9.76 0.000953946799446
9.78 0.000960485919452
9.8 0.000972142203612
9.82 0.000984142145144
9.84 0.000990925152537
9.86 0.000993743181668
9.88 0.000995730124936
9.9 0.00100353343723
9.92 0.00101027813532
9.94 0.00101960225745
9.96 0.00103045138589
9.98 0.00104472602077
10 0.00105292679257
10.02 0.00105915398024
10.04 0.00106280964761
10.06 0.00106958116756
10.08 0.00107770860226
10.1 0.00108480635024
10.12 0.00108606559716
10.14 0.00108178592328
10.16 0.00107463858061
10.18 0.00106919382162
10.2 0.00106120371978
10.22 0.00105448604271
10.24 0.00103891146726
10.26 0.00102899827731
10.28 0.00102145029435
10.3 0.00101186730596
10.32 0.00100525295546
10.34 0.0010042776338
10.36 0.00100870785841
10.38 0.001010013435
10.4 0.00101133968964
10.42 0.00101047650605
10.44 0.00100892723928
10.46 0.00100707702823
10.48 0.00100265704949
10.5 0.000989353404674
10.52 0.00098291200184
10.54 0.000989165928371
10.56 0.000996438046374
10.58 0.00100957347127
10.6 0.00101760425824
10.62 0.00102033404029
10.64 0.00102140238913
10.66 0.00102166242268
10.68 0.00102188759791
10.7 0.00102102253383
10.72 0.00102508349632
10.74 0.00102447281278
10.76 0.00102496802794
10.78 0.00102837947262
10.8 0.00102988954935
10.82 0.00103364873813
10.84 0.00103554075172
10.86 0.00103314830623
10.88 0.00102743024018
10.9 0.001023151444
10.92 0.00102044838398
10.94 0.0010206592089
10.96 0.00102107900968
10.98 0.00101767046201
11 0.00101499136856
11.02 0.00100979590813
11.04 0.00100906300011
11.06 0.00101385592724
11.08 0.00101411449981
11.1 0.00101655490587
11.12 0.00101695777032
11.14 0.00101553534294
11.16 0.00101897809373
11.18 0.00102289715678
11.2 0.00102552861618
11.22 0.00103298848871
11.24 0.00104302988478
11.26 0.00105072164035
11.28 0.00106094484737
11.3 0.00107264775866
11.32 0.00107231477492
11.34 0.00107279827499
11.36 0.00107665814722
11.38 0.00108818285356
11.4 0.00109924814186
11.42 0.0011164594854
11.44 0.0011380038867
11.46 0.00115612314409
11.48 0.00116991402579
11.5 0.00118166472333
11.52 0.00118294709422
11.54 0.0011825046471
11.56 0.00117692945053
11.58 0.00116798399673
11.6 0.00115563259269
11.62 0.00114197932817
11.64 0.00113449502635
11.66 0.00113414357098
11.68 0.00113550953982
11.7 0.00114638990198
11.72 0.0011556111581
11.74 0.00115959942212
11.76 0.00116035963729
11.78 0.00116819942154
11.8 0.00117580486945
11.82 0.00118274147636
11.84 0.00119012738958
11.86 0.00119951117787
11.88 0.00121030079505
11.9 0.00122142973644
11.92 0.00123554408839
11.94 0.0012499807493
11.96 0.00126545708881
11.98 0.00128160104983
12 0.00128696321645
12.02 0.0012962651425
12.04 0.00130584409357
12.06 0.00130625947604
12.08 0.00130857340425
12.1 0.00131281547035
12.12 0.00131940565681
12.14 0.00132291260212
12.16 0.00132779138011
12.18 0.00133732536737
12.2 0.00134270178329
12.22 0.0013487583553
12.24 0.00135748583075
12.26 0.00137232732443
12.28 0.00139019998504
12.3 0.00140669617349
12.32 0.00142021096192
12.34 0.00143408598417
12.36 0.00144750253526
12.38 0.00145663727504
12.4 0.00146751452689
12.42 0.00147187605685
12.44 0.00147702484518
12.46 0.00147772431767
12.48 0.00148771460932
12.5 0.00150064323346
12.52 0.00151349556036
12.54 0.00152208895294
12.56 0.00152858332303
12.58 0.00153046038889
12.6 0.00153393883579
12.62 0.0015466248274
12.64 0.00155780810877
12.66 0.00156963469327
12.68 0.00157827404666
12.7 0.00158699979496
12.72 0.00159990736585
12.74 0.00161496543956
12.76 0.00162587852552
12.78 0.00163751061408
12.8 0.00164620877696
12.82 0.00165083130925
12.84 0.00164968727522
12.86 0.00164802646718
12.88 0.00164007057317
12.9 0.0016327462413
12.92 0.00162609021446
12.94 0.00162199463667
12.96 0.00162166840022
12.98 0.00161939433071
13 0.00161825166306
13.02 0.00162087397538
13.04 0.00161909223277
13.06 0.0016173404092
13.08 0.00161763890482
13.1 0.00161088612312
13.12 0.00159962193147
13.14 0.00158918462073
13.16 0.00157977077373
13.18 0.00157224948269
13.2 0.00157299407632
13.22 0.00157242694293
13.24 0.001571621206
13.26 0.0015730380459
13.28 0.00156987276095
13.3 0.00156098294192
13.32 0.0015513937731
13.34 0.00153814792667
13.36 0.00152440592319
13.38 0.00151568554682
13.4 0.00151342438114
13.42 0.00151237236629
13.44 0.00151635885858
13.46 0.00151849272846
13.48 0.00151906112769
13.5 0.00152042546717
13.52 0.00151624534567
13.54 0.00151335423121
13.56 0.00151051775795
13.58 0.00150850856488
13.6 0.00150817268488
13.62 0.0015078736058
13.64 0.00150536917672
13.66 0.00150228948463
13.68 0.00149521537002
13.7 0.0014897892366
13.72 0.00148922912852
13.74 0.00149266258575
13.76 0.00150067660817
13.78 0.00151331290043
13.8 0.00152341714773
13.82 0.00153826103719
13.84 0.00154990892743
13.86 0.00155470611974
13.88 0.00155580912071
13.9 0.00155805122039
13.92 0.00155914858582
13.94 0.00155777069478
13.96 0.00155639064006
13.98 0.00155555432955
14 0.00155896779823
14.02 0.0015718589266
14.04 0.00158558898721
14.06 0.00159422274403
14.08 0.00160062097641
14.1 0.00160816758759
14.12 0.0016212194529
14.14 0.00163813335444
14.16 0.00165360914079
14.18 0.00165636366809
14.2 0.00165409711843
14.22 0.00166099186162
14.24 0.00166301527361
14.26 0.00165719671849
14.28 0.0016462325909
14.3 0.00163973432336
14.32 0.00163638918845
14.34 0.00163794831926
14.36 0.00163870211077
14.38 0.00164883174308
14.4 0.00166116051273
14.42 0.00167638542003
14.44 0.0016886467713
14.46 0.0016973598488
14.48 0.00169905479407
14.5 0.00170100919991
14.52 0.0017040426959
14.54 0.00170203892666
14.56 0.00169804765875
14.58 0.00169572695038
14.6 0.00169438779984
14.62 0.00169737730655
14.64 0.00170131018371
14.66 0.00170493018896
14.68 0.00170198139093
14.7 0.00169792128603
14.72 0.00169544807642
14.74 0.00169623444591
14.76 0.00170123094226
14.78 0.00170731988151
14.8 0.00171192783853
14.82 0.00171887850833
14.84 0.00172561965881
14.86 0.00173416412482
14.88 0.0017469930956
14.9 0.00175298911098
14.92 0.00175843067257
14.94 0.00176070608782
14.96 0.00176517055116
14.98 0.00176876086431
15 0.0017710043532
15.02 0.00176957492916
15.04 0.00176656652813
15.06 0.00176338001213
15.08 0.00176048332089
15.1 0.00175915523252
15.12 0.00175475361643
15.14 0.00175220988397
15.16 0.00174483096664
15.18 0.00173710003631
15.2 0.00173575181705
15.22 0.0017386384224
15.24 0.00174111784041
15.26 0.00174664893597
15.28 0.00175145118322
15.3 0.00175803890692
15.32 0.00176626482597
15.34 0.00177951051465
15.36 0.00179621033134
15.38 0.00181224933426
15.4 0.00182524236701
15.42 0.0018370508907
15.44 0.00184883044355
15.46 0.00185816505562
15.48 0.0018628821916
15.5 0.00186529654965
15.52 0.00186182858137
15.54 0.00186532117957
15.56 0.00187098113631
15.58 0.00187531394761
15.6 0.00188734134478
15.62 0.00190186601975
15.64 0.0019168286441
15.66 0.00192774813117
15.68 0.00192987576049
15.7 0.00192860080746
15.72 0.00192848427121
15.74 0.00193431427504
15.76 0.00194377150649
15.78 0.00195094007578
15.8 0.00195468056885
15.82 0.00196160109303
15.84 0.00196969384207
15.86 0.00197716331623
15.88 0.00198346680226
15.9 0.00198801763237
15.92 0.00199683514288
15.94 0.0020050777629
15.96 0.0020180313694
15.98 0.0020293038255
16 0.00203186325044
16.02 0.00203149831061
16.04 0.0020357576728
16.06 0.00203894837359
16.08 0.00204186981889
16.1 0.00204389312118
16.12 0.00204341139116
16.14 0.00205023661746
16.16 0.0020596917812
16.18 0.00207687561863
16.2 0.00209232498649
16.22 0.00210190713407
16.24 0.0021116727672
16.26 0.00212654469212
16.28 0.00214134549758
16.3 0.0021575774177
16.32 0.00217176518341
16.34 0.00217730027274
16.36 0.00218152288367
16.38 0.00218613684574
16.4 0.0021926957997
16.42 0.00219533459871
16.44 0.00219265248057
16.46 0.00218605891821
16.48 0.00217617862467
16.5 0.002169524714
16.52 0.00216408747529
16.54 0.00215797640925
16.56 0.00214796392381
16.58 0.0021326733597
16.6 0.00212068067634
16.62 0.00211399663069
16.64 0.00211083688033
16.66 0.00210778213958
16.68 0.00210877219247
16.7 0.00211435569139
16.72 0.00211911597344
16.74 0.00212160334824
16.76 0.00212636711803
16.78 0.00213205743112
16.8 0.00213828816967
16.82 0.00214412588905
16.84 0.00214461094193
16.86 0.00215316536995
16.88 0.00216275972792
16.9 0.00218364286736
16.92 0.00220561634892
16.94 0.00221897284665
16.96 0.00222719138617
16.98 0.00222785532511
17 0.00221622165689
17.02 0.00220586626636
17.04 0.00220292178404
17.06 0.00220794396943
17.08 0.00221696171609
17.1 0.00222050846997
17.12 0.00222126587156
17.14 0.00222307263021
17.16 0.00222806462163
17.18 0.00223470407193
17.2 0.0022477032101
17.22 0.00225413489689
17.24 0.00226270761233
17.26 0.00226657419326
17.28 0.0022746388372
17.3 0.00228639028407
17.32 0.0022899505338
17.34 0.00229314880458
17.36 0.00229984589979
17.38 0.00230519875723
17.4 0.00230853706088
17.42 0.00231274617809
17.44 0.00231979630121
17.46 0.00232524538213
17.48 0.0023307058239
17.5 0.0023336327052
17.52 0.00233394723048
17.54 0.00233674999911
17.56 0.00233038941071
17.58 0.00231772158434
17.6 0.00231305994636
17.62 0.00231076412911
17.64 0.00231070266876
17.66 0.00231501522075
17.68 0.00232418712766
17.7 0.00233223958179
17.72 0.00233534739654
17.74 0.00233428417791
17.76 0.00233466617342
17.78 0.00233737608688
17.8 0.00234102687172
17.82 0.00234603388063
17.84 0.00235178661292
17.86 0.0023610492309
17.88 0.00236623045779
17.9 0.00236427282723
17.92 0.00236416829521
17.94 0.00236378139751
17.96 0.00236414211531
17.98 0.00236426099778
18 0.00236348620471
18.02 0.00236308038025
18.04 0.00236193476587
18.06 0.00235936718637
18.08 0.00235504754206
18.1 0.00235353831073
18.12 0.00235348542981
18.14 0.00235053519082
18.16 0.00235041292431
18.18 0.00235513243866
18.2 0.0023580143832
18.22 0.00235662568284
18.24 0.00235157512829
18.26 0.00234393063633
18.28 0.002337552311
18.3 0.00233402866224
18.32 0.00232765290318
18.34 0.00232072324122
18.36 0.00232264181988
18.38 0.00232534294614
18.4 0.00232916520183
18.42 0.00233316412437
18.44 0.00233942280422
18.46 0.00234338453697
18.48 0.00234322025689
18.5 0.00234720726263
18.52 0.00234589796112
18.54 0.00234409804531
18.56 0.00233941438135
18.58 0.0023301232777
18.6 0.00231878164746
18.62 0.00231292213236
18.64 0.00231160674587
18.66 0.00231504850788
18.68 0.00232249800718
18.7 0.0023273652243
18.72 0.00233296393787
18.74 0.00233925848338
18.76 0.00234153704232
18.78 0.00233985516776
18.8 0.00233945291079
18.82 0.00234147278651
18.84 0.0023426198494
18.86 0.00234695540764
18.88 0.00235094642613
18.9 0.00235144977717
18.92 0.00235631626852
18.94 0.00236059137381
18.96 0.00236082627059
18.98 0.00236272796777
19 0.00236943073816
19.02 0.00237812146825
19.04 0.00238326454018
19.06 0.00238404231852
19.08 0.00238804538201
19.1 0.00239291321729
19.12 0.00238636236987
19.14 0.00237973043304
19.16 0.00237541972966
19.18 0.00236764026672
19.2 0.00235859146019
19.22 0.00235367603003
19.24 0.00236056608453
19.26 0.00236913858666
19.28 0.00237260507899
19.3 0.00237189661721
19.32 0.00237292599654
19.34 0.00237678674406
19.36 0.00237799942632
19.38 0.00237589295935
19.4 0.00237485571317
19.42 0.00237392444941
19.44 0.0023770657389
19.46 0.00238370854547
19.48 0.00239612368691
19.5 0.00240878450337
19.52 0.00242443325257
19.54 0.00243562365543
19.56 0.00244801985994
19.58 0.00245577766222
19.6 0.00245896386268
19.62 0.00247112292123
19.64 0.00248215432931
19.66 0.00249521167417
19.68 0.00250426466173
19.7 0.00250838808261
19.72 0.00251161846692
19.74 0.00251613168627
19.76 0.00251853278482
19.78 0.00252175656967
19.8 0.00253099485656
19.82 0.00254850817042
19.84 0.00256630255502
19.86 0.00258500249915
19.88 0.00260562221327
19.9 0.00262320680285
19.92 0.00263427088235
19.94 0.00264024743975
19.96 0.00264513053983
19.98 0.00264774800524
